1
1
14
0
(32 0
((0,0) (15,15) (0,0))
((16,0) (31,15) (0,0))
((0,16) (15,31) (0,0))
((16,16) (31,31) (0,0))
((0,32) (15,47) (0,0))
((16,32) (31,47) (0,0))
((0,48) (15,63) (0,0))
((16,48) (31,63) (0,0))
((0,64) (15,79) (0,0))
((16,64) (31,79) (0,0))
((0,80) (15,95) (0,0))
((16,80) (31,95) (0,0))
((0,96) (15,111) (0,0))
((16,96) (31,111) (0,0))
((0,112) (15,127) (0,0))
((16,112) (31,127) (0,0))
((0,128) (15,143) (0,0))
((16,128) (31,143) (0,0))
((0,144) (15,159) (0,0))
((16,144) (31,159) (0,0))
((0,160) (15,175) (0,0))
((16,160) (31,175) (0,0))
((0,176) (15,191) (0,0))
((16,176) (31,191) (0,0))
((0,192) (15,207) (0,0))
((16,192) (31,207) (0,0))
((0,208) (15,223) (0,0))
((16,208) (31,223) (0,0))
((0,224) (15,239) (0,0))
((16,224) (31,239) (0,0))
((0,240) (15,255) (0,0))
((16,240) (31,255) (0,0))
)
32
FabOnDisk: Cell_D_00000 0
FabOnDisk: Cell_D_00000 28755
FabOnDisk: Cell_D_00000 57511
FabOnDisk: Cell_D_00000 86267
FabOnDisk: Cell_D_00000 115024
FabOnDisk: Cell_D_00000 143780
FabOnDisk: Cell_D_00000 172537
FabOnDisk: Cell_D_00000 201293
FabOnDisk: Cell_D_00001 0
FabOnDisk: Cell_D_00001 28756
FabOnDisk: Cell_D_00001 57513
FabOnDisk: Cell_D_00001 86269
FabOnDisk: Cell_D_00001 115026
FabOnDisk: Cell_D_00001 143783
FabOnDisk: Cell_D_00001 172541
FabOnDisk: Cell_D_00001 201299
FabOnDisk: Cell_D_00002 0
FabOnDisk: Cell_D_00002 28758
FabOnDisk: Cell_D_00002 57517
FabOnDisk: Cell_D_00002 86275
FabOnDisk: Cell_D_00002 115034
FabOnDisk: Cell_D_00002 143792
FabOnDisk: Cell_D_00002 172551
FabOnDisk: Cell_D_00002 201309
FabOnDisk: Cell_D_00003 0
FabOnDisk: Cell_D_00003 28758
FabOnDisk: Cell_D_00003 57517
FabOnDisk: Cell_D_00003 86275
FabOnDisk: Cell_D_00003 115034
FabOnDisk: Cell_D_00003 143792
FabOnDisk: Cell_D_00003 172551
FabOnDisk: Cell_D_00003 201309

32,14
0.0000000000000000e+00,-6.6989507678528071e-02,0.0000000000000000e+00,0.0000000000000000e+00,-1.0000000000000000e+00,-9.8316144454965583e-11,0.0000000000000000e+00,0.0000000000000000e+00,0.0000000000000000e+00,-1.2967404927621828e-12,0.0000000000000000e+00,0.0000000000000000e+00,-7.8907094149375393e-16,-1.5624999973123898e-02,
0.0000000000000000e+00,0.0000000000000000e+00,0.0000000000000000e+00,0.0000000000000000e+00,0.0000000000000000e+00,0.0000000000000000e+00,0.0000000000000000e+00,1.0000000000000000e+00,0.0000000000000000e+00,0.0000000000000000e+00,1.0000000000000000e+00,1.0000000000000000e+00,0.0000000000000000e+00,5.6250000000000000e-01,
0.0000000000000000e+00,-6.6989507678527960e-02,0.0000000000000000e+00,0.0000000000000000e+00,-1.0000000000000000e+00,-9.8319697168644384e-11,0.0000000000000000e+00,0.0000000000000000e+00,0.0000000000000000e+00,-1.2967404927621828e-12,0.0000000000000000e+00,0.0000000000000000e+00,-1.0756876412831836e-15,-1.5624999973124252e-02,
0.0000000000000000e+00,0.0000000000000000e+00,0.0000000000000000e+00,0.0000000000000000e+00,0.0000000000000000e+00,0.0000000000000000e+00,0.0000000000000000e+00,1.0000000000000000e+00,0.0000000000000000e+00,0.0000000000000000e+00,1.0000000000000000e+00,1.0000000000000000e+00,0.0000000000000000e+00,5.6250000000000000e-01,
0.0000000000000000e+00,-6.6989507678528293e-02,0.0000000000000000e+00,0.0000000000000000e+00,-1.0000000000000000e+00,-9.8323249882323184e-11,0.0000000000000000e+00,0.0000000000000000e+00,0.0000000000000000e+00,-1.2985168496015831e-12,0.0000000000000000e+00,0.0000000000000000e+00,-1.6967553069183086e-15,-1.5624999973124561e-02,
0.0000000000000000e+00,0.0000000000000000e+00,0.0000000000000000e+00,0.0000000000000000e+00,0.0000000000000000e+00,0.0000000000000000e+00,0.0000000000000000e+00,1.0000000000000000e+00,0.0000000000000000e+00,0.0000000000000000e+00,1.0000000000000000e+00,1.0000000000000000e+00,0.0000000000000000e+00,5.6250000000000000e-01,
0.0000000000000000e+00,-6.6989507678528293e-02,0.0000000000000000e+00,0.0000000000000000e+00,-1.0000000000000000e+00,-9.8337904826248236e-11,0.0000000000000000e+00,0.0000000000000000e+00,0.0000000000000000e+00,-1.2967404927621828e-12,0.0000000000000000e+00,0.0000000000000000e+00,-1.6850884127611806e-15,-1.5624999973123929e-02,
0.0000000000000000e+00,0.0000000000000000e+00,0.0000000000000000e+00,0.0000000000000000e+00,0.0000000000000000e+00,0.0000000000000000e+00,0.0000000000000000e+00,1.0000000000000000e+00,0.0000000000000000e+00,0.0000000000000000e+00,1.0000000000000000e+00,1.0000000000000000e+00,0.0000000000000000e+00,5.6250000000000000e-01,
0.0000000000000000e+00,-6.6989507678528626e-02,0.0000000000000000e+00,0.0000000000000000e+00,-1.0000000000000000e+00,-9.8360109286740739e-11,0.0000000000000000e+00,0.0000000000000000e+00,0.0000000000000000e+00,-1.3038459201197838e-12,0.0000000000000000e+00,0.0000000000000000e+00,-2.2085430639362941e-15,-1.5624999973124401e-02,
0.0000000000000000e+00,0.0000000000000000e+00,0.0000000000000000e+00,0.0000000000000000e+00,0.0000000000000000e+00,0.0000000000000000e+00,0.0000000000000000e+00,1.0000000000000000e+00,0.0000000000000000e+00,0.0000000000000000e+00,1.0000000000000000e+00,1.0000000000000000e+00,0.0000000000000000e+00,5.6250000000000000e-01,
0.0000000000000000e+00,-6.6989507678528848e-02,0.0000000000000000e+00,0.0000000000000000e+00,-1.0000000000000000e+00,-9.8345454342815687e-11,0.0000000000000000e+00,0.0000000000000000e+00,0.0000000000000000e+00,-1.3038459201197838e-12,0.0000000000000000e+00,0.0000000000000000e+00,-3.6890719324678033e-15,-1.5624999973124942e-02,
0.0000000000000000e+00,0.0000000000000000e+00,0.0000000000000000e+00,0.0000000000000000e+00,0.0000000000000000e+00,0.0000000000000000e+00,0.0000000000000000e+00,1.0000000000000000e+00,0.0000000000000000e+00,0.0000000000000000e+00,1.0000000000000000e+00,1.0000000000000000e+00,0.0000000000000000e+00,5.6250000000000000e-01,
0.0000000000000000e+00,-6.6989507678528182e-02,0.0000000000000000e+00,0.0000000000000000e+00,-1.0000000000000000e+00,-9.8360109286740739e-11,0.0000000000000000e+00,0.0000000000000000e+00,0.0000000000000000e+00,-1.3073986337985843e-12,0.0000000000000000e+00,0.0000000000000000e+00,-3.8839090648918407e-15,-1.5624999973125199e-02,
0.0000000000000000e+00,0.0000000000000000e+00,0.0000000000000000e+00,0.0000000000000000e+00,0.0000000000000000e+00,0.0000000000000000e+00,0.0000000000000000e+00,1.0000000000000000e+00,0.0000000000000000e+00,0.0000000000000000e+00,1.0000000000000000e+00,1.0000000000000000e+00,0.0000000000000000e+00,5.6250000000000000e-01,
0.0000000000000000e+00,-6.6989507678528071e-02,0.0000000000000000e+00,0.0000000000000000e+00,-1.0000000000000000e+00,-9.8374764230665791e-11,0.0000000000000000e+00,0.0000000000000000e+00,0.0000000000000000e+00,-1.3073986337985843e-12,0.0000000000000000e+00,0.0000000000000000e+00,-3.5272910001716840e-16,-1.5624999973125662e-02,
0.0000000000000000e+00,0.0000000000000000e+00,0.0000000000000000e+00,0.0000000000000000e+00,0.0000000000000000e+00,0.0000000000000000e+00,0.0000000000000000e+00,1.0000000000000000e+00,0.0000000000000000e+00,0.0000000000000000e+00,1.0000000000000000e+00,1.0000000000000000e+00,0.0000000000000000e+00,5.6250000000000000e-01,
0.0000000000000000e+00,-6.6989507678528737e-02,0.0000000000000000e+00,0.0000000000000000e+00,-1.0000000000000000e+00,-9.8345454342815687e-11,0.0000000000000000e+00,0.0000000000000000e+00,0.0000000000000000e+00,-1.3073986337985843e-12,0.0000000000000000e+00,0.0000000000000000e+00,-3.2492300227480945e-15,-1.5624999973124359e-02,
0.0000000000000000e+00,0.0000000000000000e+00,0.0000000000000000e+00,0.0000000000000000e+00,0.0000000000000000e+00,0.0000000000000000e+00,0.0000000000000000e+00,1.0000000000000000e+00,0.0000000000000000e+00,0.0000000000000000e+00,1.0000000000000000e+00,1.0000000000000000e+00,0.0000000000000000e+00,5.6250000000000000e-01,
0.0000000000000000e+00,-6.6989507678529292e-02,0.0000000000000000e+00,0.0000000000000000e+00,-1.0000000000000000e+00,-9.8374764230665791e-11,0.0000000000000000e+00,0.0000000000000000e+00,0.0000000000000000e+00,-1.3145040611561853e-12,0.0000000000000000e+00,0.0000000000000000e+00,-7.5714254114760409e-15,-1.5624999973127461e-02,
0.0000000000000000e+00,0.0000000000000000e+00,0.0000000000000000e+00,0.0000000000000000e+00,0.0000000000000000e+00,0.0000000000000000e+00,0.0000000000000000e+00,1.0000000000000000e+00,0.0000000000000000e+00,0.0000000000000000e+00,1.0000000000000000e+00,1.0000000000000000e+00,0.0000000000000000e+00,5.6250000000000000e-01,
0.0000000000000000e+00,-6.6989507678528848e-02,0.0000000000000000e+00,0.0000000000000000e+00,-1.0000000000000000e+00,-9.8374764230665791e-11,0.0000000000000000e+00,0.0000000000000000e+00,0.0000000000000000e+00,-1.3073986337985843e-12,0.0000000000000000e+00,0.0000000000000000e+00,-6.5074046643499880e-15,-1.5624999973125660e-02,
0.0000000000000000e+00,0.0000000000000000e+00,0.0000000000000000e+00,0.0000000000000000e+00,0.0000000000000000e+00,0.0000000000000000e+00,0.0000000000000000e+00,1.0000000000000000e+00,0.0000000000000000e+00,0.0000000000000000e+00,1.0000000000000000e+00,1.0000000000000000e+00,0.0000000000000000e+00,5.6250000000000000e-01,
0.0000000000000000e+00,-6.6989507678530069e-02,0.0000000000000000e+00,0.0000000000000000e+00,-1.0000000000000000e+00,-9.8374764230665791e-11,0.0000000000000000e+00,0.0000000000000000e+00,0.0000000000000000e+00,-1.3002932064409833e-12,0.0000000000000000e+00,0.0000000000000000e+00,-4.2576385743918377e-15,-1.5624999973125480e-02,
0.0000000000000000e+00,0.0000000000000000e+00,0.0000000000000000e+00,0.0000000000000000e+00,0.0000000000000000e+00,0.0000000000000000e+00,0.0000000000000000e+00,1.0000000000000000e+00,0.0000000000000000e+00,0.0000000000000000e+00,1.0000000000000000e+00,1.0000000000000000e+00,0.0000000000000000e+00,5.6250000000000000e-01,
0.0000000000000000e+00,-6.6989507678528959e-02,0.0000000000000000e+00,0.0000000000000000e+00,-1.0000000000000000e+00,-9.8403630029306045e-11,0.0000000000000000e+00,0.0000000000000000e+00,0.0000000000000000e+00,-1.3216094885137863e-12,0.0000000000000000e+00,0.0000000000000000e+00,-1.0516538393199011e-14,-1.5624999973127605e-02,
0.0000000000000000e+00,0.0000000000000000e+00,0.0000000000000000e+00,0.0000000000000000e+00,0.0000000000000000e+00,0.0000000000000000e+00,0.0000000000000000e+00,1.0000000000000000e+00,0.0000000000000000e+00,0.0000000000000000e+00,1.0000000000000000e+00,1.0000000000000000e+00,0.0000000000000000e+00,5.6250000000000000e-01,
0.0000000000000000e+00,-6.6989507678530180e-02,0.0000000000000000e+00,0.0000000000000000e+00,-1.0000000000000000e+00,-9.8345454342815687e-11,0.0000000000000000e+00,0.0000000000000000e+00,0.0000000000000000e+00,-1.3287149158713873e-12,0.0000000000000000e+00,0.0000000000000000e+00,-1.5935421832698995e-14,-1.5624999973128285e-02,
0.0000000000000000e+00,0.0000000000000000e+00,0.0000000000000000e+00,0.0000000000000000e+00,0.0000000000000000e+00,0.0000000000000000e+00,0.0000000000000000e+00,1.0000000000000000e+00,0.0000000000000000e+00,0.0000000000000000e+00,1.0000000000000000e+00,1.0000000000000000e+00,0.0000000000000000e+00,5.6250000000000000e-01,
0.0000000000000000e+00,-6.6989507678528848e-02,0.0000000000000000e+00,0.0000000000000000e+00,-1.0000000000000000e+00,-9.8432939917156150e-11,0.0000000000000000e+00,0.0000000000000000e+00,0.0000000000000000e+00,-1.3216094885137863e-12,0.0000000000000000e+00,0.0000000000000000e+00,-3.8465750035930449e-15,-1.5624999973124297e-02,
0.0000000000000000e+00,0.0000000000000000e+00,0.0000000000000000e+00,0.0000000000000000e+00,0.0000000000000000e+00,0.0000000000000000e+00,0.0000000000000000e+00,1.0000000000000000e+00,0.0000000000000000e+00,0.0000000000000000e+00,1.0000000000000000e+00,1.0000000000000000e+00,0.0000000000000000e+00,5.6250000000000000e-01,
0.0000000000000000e+00,-6.6989507678528626e-02,0.0000000000000000e+00,0.0000000000000000e+00,-1.0000000000000000e+00,-9.8374764230665791e-11,0.0000000000000000e+00,0.0000000000000000e+00,0.0000000000000000e+00,-1.3216094885137863e-12,0.0000000000000000e+00,0.0000000000000000e+00,-4.7569816443169158e-15,-1.5624999973126004e-02,
0.0000000000000000e+00,0.0000000000000000e+00,0.0000000000000000e+00,0.0000000000000000e+00,0.0000000000000000e+00,0.0000000000000000e+00,0.0000000000000000e+00,1.0000000000000000e+00,0.0000000000000000e+00,0.0000000000000000e+00,1.0000000000000000e+00,1.0000000000000000e+00,0.0000000000000000e+00,5.6250000000000000e-01,

32,14
1.0000000000000000e+00,0.0000000000000000e+00,1.1955991752188311e-12,1.0000000000000000e+00,1.0000000000000000e+00,0.0000000000000000e+00,5.6250000000000000e-01,1.0000000000000000e+00,7.2654061616530319e-02,0.0000000000000000e+00,2.0000000000000000e+00,1.0000000000000000e+00,9.8316144454965583e-11,5.6250000000000000e-01,
0.0000000000000000e+00,0.0000000000000000e+00,0.0000000000000000e+00,0.0000000000000000e+00,0.0000000000000000e+00,0.0000000000000000e+00,0.0000000000000000e+00,1.0000000000000000e+00,0.0000000000000000e+00,0.0000000000000000e+00,1.0000000000000000e+00,1.0000000000000000e+00,0.0000000000000000e+00,5.6250000000000000e-01,
1.0000000000000000e+00,0.0000000000000000e+00,1.1963763313360687e-12,1.0000000000000000e+00,1.0000000000000000e+00,0.0000000000000000e+00,5.6250000000000000e-01,1.0000000000000000e+00,7.2654061616530319e-02,0.0000000000000000e+00,2.0000000000000000e+00,1.0000000000000000e+00,9.8319697168644384e-11,5.6250000000000000e-01,
0.0000000000000000e+00,0.0000000000000000e+00,0.0000000000000000e+00,0.0000000000000000e+00,0.0000000000000000e+00,0.0000000000000000e+00,0.0000000000000000e+00,1.0000000000000000e+00,0.0000000000000000e+00,0.0000000000000000e+00,1.0000000000000000e+00,1.0000000000000000e+00,0.0000000000000000e+00,5.6250000000000000e-01,
1.0000000000000000e+00,0.0000000000000000e+00,1.1972645097557688e-12,1.0000000000000000e+00,1.0000000000000000e+00,0.0000000000000000e+00,5.6250000000000000e-01,1.0000000000000000e+00,7.2654061616530541e-02,0.0000000000000000e+00,2.0000000000000000e+00,1.0000000000000000e+00,9.8323249882323184e-11,5.6250000000000000e-01,
0.0000000000000000e+00,0.0000000000000000e+00,0.0000000000000000e+00,0.0000000000000000e+00,0.0000000000000000e+00,0.0000000000000000e+00,0.0000000000000000e+00,1.0000000000000000e+00,0.0000000000000000e+00,0.0000000000000000e+00,1.0000000000000000e+00,1.0000000000000000e+00,0.0000000000000000e+00,5.6250000000000000e-01,
1.0000000000000000e+00,0.0000000000000000e+00,1.1954881529163686e-12,1.0000000000000000e+00,1.0000000000000000e+00,0.0000000000000000e+00,5.6250000000000000e-01,1.0000000000000000e+00,7.2654061616530319e-02,0.0000000000000000e+00,2.0000000000000000e+00,1.0000000000000000e+00,9.8337904826248236e-11,5.6250000000000000e-01,
0.0000000000000000e+00,0.0000000000000000e+00,0.0000000000000000e+00,0.0000000000000000e+00,0.0000000000000000e+00,0.0000000000000000e+00,0.0000000000000000e+00,1.0000000000000000e+00,0.0000000000000000e+00,0.0000000000000000e+00,1.0000000000000000e+00,1.0000000000000000e+00,0.0000000000000000e+00,5.6250000000000000e-01,
1.0000000000000000e+00,0.0000000000000000e+00,1.2008172234345693e-12,1.0000000000000000e+00,1.0000000000000000e+00,0.0000000000000000e+00,5.6250000000000000e-01,1.0000000000000000e+00,7.2654061616530541e-02,0.0000000000000000e+00,2.0000000000000000e+00,1.0000000000000000e+00,9.8360109286740739e-11,5.6250000000000000e-01,
0.0000000000000000e+00,0.0000000000000000e+00,0.0000000000000000e+00,0.0000000000000000e+00,0.0000000000000000e+00,0.0000000000000000e+00,0.0000000000000000e+00,1.0000000000000000e+00,0.0000000000000000e+00,0.0000000000000000e+00,1.0000000000000000e+00,1.0000000000000000e+00,0.0000000000000000e+00,5.6250000000000000e-01,
1.0000000000000000e+00,0.0000000000000000e+00,1.2008172234345693e-12,1.0000000000000000e+00,1.0000000000000000e+00,0.0000000000000000e+00,5.6250000000000000e-01,1.0000000000000000e+00,7.2654061616530541e-02,0.0000000000000000e+00,2.0000000000000000e+00,1.0000000000000000e+00,9.8345454342815687e-11,5.6250000000000000e-01,
0.0000000000000000e+00,0.0000000000000000e+00,0.0000000000000000e+00,0.0000000000000000e+00,0.0000000000000000e+00,0.0000000000000000e+00,0.0000000000000000e+00,1.0000000000000000e+00,0.0000000000000000e+00,0.0000000000000000e+00,1.0000000000000000e+00,1.0000000000000000e+00,0.0000000000000000e+00,5.6250000000000000e-01,
1.0000000000000000e+00,0.0000000000000000e+00,1.2043699371133698e-12,1.0000000000000000e+00,1.0000000000000000e+00,0.0000000000000000e+00,5.6250000000000000e-01,1.0000000000000000e+00,7.2654061616530985e-02,0.0000000000000000e+00,2.0000000000000000e+00,1.0000000000000000e+00,9.8360109286740739e-11,5.6250000000000000e-01,
0.0000000000000000e+00,0.0000000000000000e+00,0.0000000000000000e+00,0.0000000000000000e+00,0.0000000000000000e+00,0.0000000000000000e+00,0.0000000000000000e+00,1.0000000000000000e+00,0.0000000000000000e+00,0.0000000000000000e+00,1.0000000000000000e+00,1.0000000000000000e+00,0.0000000000000000e+00,5.6250000000000000e-01,
1.0000000000000000e+00,0.0000000000000000e+00,1.2008172234345693e-12,1.0000000000000000e+00,1.0000000000000000e+00,0.0000000000000000e+00,5.6250000000000000e-01,1.0000000000000000e+00,7.2654061616530319e-02,0.0000000000000000e+00,2.0000000000000000e+00,1.0000000000000000e+00,9.8374764230665791e-11,5.6250000000000000e-01,
0.0000000000000000e+00,0.0000000000000000e+00,0.0000000000000000e+00,0.0000000000000000e+00,0.0000000000000000e+00,0.0000000000000000e+00,0.0000000000000000e+00,1.0000000000000000e+00,0.0000000000000000e+00,0.0000000000000000e+00,1.0000000000000000e+00,1.0000000000000000e+00,0.0000000000000000e+00,5.6250000000000000e-01,
1.0000000000000000e+00,0.0000000000000000e+00,1.2079226507921703e-12,1.0000000000000000e+00,1.0000000000000000e+00,0.0000000000000000e+00,5.6250000000000000e-01,1.0000000000000000e+00,7.2654061616530319e-02,0.0000000000000000e+00,2.0000000000000000e+00,1.0000000000000000e+00,9.8345454342815687e-11,5.6250000000000000e-01,
0.0000000000000000e+00,0.0000000000000000e+00,0.0000000000000000e+00,0.0000000000000000e+00,0.0000000000000000e+00,0.0000000000000000e+00,0.0000000000000000e+00,1.0000000000000000e+00,0.0000000000000000e+00,0.0000000000000000e+00,1.0000000000000000e+00,1.0000000000000000e+00,0.0000000000000000e+00,5.6250000000000000e-01,
1.0000000000000000e+00,0.0000000000000000e+00,1.2079226507921703e-12,1.0000000000000000e+00,1.0000000000000000e+00,0.0000000000000000e+00,5.6250000000000000e-01,1.0000000000000000e+00,7.2654061616531207e-02,0.0000000000000000e+00,2.0000000000000000e+00,1.0000000000000000e+00,9.8374764230665791e-11,5.6250000000000000e-01,
0.0000000000000000e+00,0.0000000000000000e+00,0.0000000000000000e+00,0.0000000000000000e+00,0.0000000000000000e+00,0.0000000000000000e+00,0.0000000000000000e+00,1.0000000000000000e+00,0.0000000000000000e+00,0.0000000000000000e+00,1.0000000000000000e+00,1.0000000000000000e+00,0.0000000000000000e+00,5.6250000000000000e-01,
1.0000000000000000e+00,0.0000000000000000e+00,1.2008172234345693e-12,1.0000000000000000e+00,1.0000000000000000e+00,0.0000000000000000e+00,5.6250000000000000e-01,1.0000000000000000e+00,7.2654061616530985e-02,0.0000000000000000e+00,2.0000000000000000e+00,1.0000000000000000e+00,9.8374764230665791e-11,5.6250000000000000e-01,
0.0000000000000000e+00,0.0000000000000000e+00,0.0000000000000000e+00,0.0000000000000000e+00,0.0000000000000000e+00,0.0000000000000000e+00,0.0000000000000000e+00,1.0000000000000000e+00,0.0000000000000000e+00,0.0000000000000000e+00,1.0000000000000000e+00,1.0000000000000000e+00,0.0000000000000000e+00,5.6250000000000000e-01,
1.0000000000000000e+00,0.0000000000000000e+00,1.2079226507921703e-12,1.0000000000000000e+00,1.0000000000000000e+00,0.0000000000000000e+00,5.6250000000000000e-01,1.0000000000000000e+00,7.2654061616531207e-02,0.0000000000000000e+00,2.0000000000000000e+00,1.0000000000000000e+00,9.8374764230665791e-11,5.6250000000000000e-01,
0.0000000000000000e+00,0.0000000000000000e+00,0.0000000000000000e+00,0.0000000000000000e+00,0.0000000000000000e+00,0.0000000000000000e+00,0.0000000000000000e+00,1.0000000000000000e+00,0.0000000000000000e+00,0.0000000000000000e+00,1.0000000000000000e+00,1.0000000000000000e+00,0.0000000000000000e+00,5.6250000000000000e-01,
1.0000000000000000e+00,0.0000000000000000e+00,1.2079226507921703e-12,1.0000000000000000e+00,1.0000000000000000e+00,0.0000000000000000e+00,5.6250000000000000e-01,1.0000000000000000e+00,7.2654061616530763e-02,0.0000000000000000e+00,2.0000000000000000e+00,1.0000000000000000e+00,9.8403630029306045e-11,5.6250000000000000e-01,
0.0000000000000000e+00,0.0000000000000000e+00,0.0000000000000000e+00,0.0000000000000000e+00,0.0000000000000000e+00,0.0000000000000000e+00,0.0000000000000000e+00,1.0000000000000000e+00,0.0000000000000000e+00,0.0000000000000000e+00,1.0000000000000000e+00,1.0000000000000000e+00,0.0000000000000000e+00,5.6250000000000000e-01,
1.0000000000000000e+00,0.0000000000000000e+00,1.2221335055073723e-12,1.0000000000000000e+00,1.0000000000000000e+00,0.0000000000000000e+00,5.6250000000000000e-01,1.0000000000000000e+00,7.2654061616532095e-02,0.0000000000000000e+00,2.0000000000000000e+00,1.0000000000000000e+00,9.8345454342815687e-11,5.6250000000000000e-01,
0.0000000000000000e+00,0.0000000000000000e+00,0.0000000000000000e+00,0.0000000000000000e+00,0.0000000000000000e+00,0.0000000000000000e+00,0.0000000000000000e+00,1.0000000000000000e+00,0.0000000000000000e+00,0.0000000000000000e+00,1.0000000000000000e+00,1.0000000000000000e+00,0.0000000000000000e+00,5.6250000000000000e-01,
1.0000000000000000e+00,0.0000000000000000e+00,1.2079226507921703e-12,1.0000000000000000e+00,1.0000000000000000e+00,0.0000000000000000e+00,5.6250000000000000e-01,1.0000000000000000e+00,7.2654061616530319e-02,0.0000000000000000e+00,2.0000000000000000e+00,1.0000000000000000e+00,9.8432939917156150e-11,5.6250000000000000e-01,
0.0000000000000000e+00,0.0000000000000000e+00,0.0000000000000000e+00,0.0000000000000000e+00,0.0000000000000000e+00,0.0000000000000000e+00,0.0000000000000000e+00,1.0000000000000000e+00,0.0000000000000000e+00,0.0000000000000000e+00,1.0000000000000000e+00,1.0000000000000000e+00,0.0000000000000000e+00,5.6250000000000000e-01,
1.0000000000000000e+00,0.0000000000000000e+00,1.2221335055073723e-12,1.0000000000000000e+00,1.0000000000000000e+00,0.0000000000000000e+00,5.6250000000000000e-01,1.0000000000000000e+00,7.2654061616530985e-02,0.0000000000000000e+00,2.0000000000000000e+00,1.0000000000000000e+00,9.8374764230665791e-11,5.6250000000000000e-01,
0.0000000000000000e+00,0.0000000000000000e+00,0.0000000000000000e+00,0.0000000000000000e+00,0.0000000000000000e+00,0.0000000000000000e+00,0.0000000000000000e+00,1.0000000000000000e+00,0.0000000000000000e+00,0.0000000000000000e+00,1.0000000000000000e+00,1.0000000000000000e+00,0.0000000000000000e+00,5.6250000000000000e-01,

