1
1
14
0
(32 0
((0,0) (15,15) (0,0))
((16,0) (31,15) (0,0))
((0,16) (15,31) (0,0))
((16,16) (31,31) (0,0))
((0,32) (15,47) (0,0))
((16,32) (31,47) (0,0))
((0,48) (15,63) (0,0))
((16,48) (31,63) (0,0))
((0,64) (15,79) (0,0))
((16,64) (31,79) (0,0))
((0,80) (15,95) (0,0))
((16,80) (31,95) (0,0))
((0,96) (15,111) (0,0))
((16,96) (31,111) (0,0))
((0,112) (15,127) (0,0))
((16,112) (31,127) (0,0))
((0,128) (15,143) (0,0))
((16,128) (31,143) (0,0))
((0,144) (15,159) (0,0))
((16,144) (31,159) (0,0))
((0,160) (15,175) (0,0))
((16,160) (31,175) (0,0))
((0,176) (15,191) (0,0))
((16,176) (31,191) (0,0))
((0,192) (15,207) (0,0))
((16,192) (31,207) (0,0))
((0,208) (15,223) (0,0))
((16,208) (31,223) (0,0))
((0,224) (15,239) (0,0))
((16,224) (31,239) (0,0))
((0,240) (15,255) (0,0))
((16,240) (31,255) (0,0))
)
32
FabOnDisk: Cell_D_00000 0
FabOnDisk: Cell_D_00000 28755
FabOnDisk: Cell_D_00000 57511
FabOnDisk: Cell_D_00000 86267
FabOnDisk: Cell_D_00000 115024
FabOnDisk: Cell_D_00000 143780
FabOnDisk: Cell_D_00000 172537
FabOnDisk: Cell_D_00000 201293
FabOnDisk: Cell_D_00001 0
FabOnDisk: Cell_D_00001 28756
FabOnDisk: Cell_D_00001 57513
FabOnDisk: Cell_D_00001 86269
FabOnDisk: Cell_D_00001 115026
FabOnDisk: Cell_D_00001 143783
FabOnDisk: Cell_D_00001 172541
FabOnDisk: Cell_D_00001 201299
FabOnDisk: Cell_D_00002 0
FabOnDisk: Cell_D_00002 28758
FabOnDisk: Cell_D_00002 57517
FabOnDisk: Cell_D_00002 86275
FabOnDisk: Cell_D_00002 115034
FabOnDisk: Cell_D_00002 143792
FabOnDisk: Cell_D_00002 172551
FabOnDisk: Cell_D_00002 201309
FabOnDisk: Cell_D_00003 0
FabOnDisk: Cell_D_00003 28758
FabOnDisk: Cell_D_00003 57517
FabOnDisk: Cell_D_00003 86275
FabOnDisk: Cell_D_00003 115034
FabOnDisk: Cell_D_00003 143792
FabOnDisk: Cell_D_00003 172551
FabOnDisk: Cell_D_00003 201309

32,14
0.0000000000000000e+00,-6.6989507668584358e-02,0.0000000000000000e+00,0.0000000000000000e+00,-1.0000000000000000e+00,-9.7663777405695841e-11,0.0000000000000000e+00,0.0000000000000000e+00,0.0000000000000000e+00,-1.7039702981946903e-12,0.0000000000000000e+00,0.0000000000000000e+00,-2.5550498204231730e-16,-1.5624999991990091e-02,
0.0000000000000000e+00,0.0000000000000000e+00,0.0000000000000000e+00,0.0000000000000000e+00,0.0000000000000000e+00,0.0000000000000000e+00,0.0000000000000000e+00,1.0000000000000000e+00,0.0000000000000000e+00,0.0000000000000000e+00,1.0000000000000000e+00,1.0000000000000000e+00,0.0000000000000000e+00,5.6250000000000000e-01,
0.0000000000000000e+00,-6.6989507668584358e-02,0.0000000000000000e+00,0.0000000000000000e+00,-1.0000000000000000e+00,-9.7665553762535241e-11,0.0000000000000000e+00,0.0000000000000000e+00,0.0000000000000000e+00,-1.7070789226636407e-12,0.0000000000000000e+00,0.0000000000000000e+00,-7.8401528736148986e-16,-1.5624999991989980e-02,
0.0000000000000000e+00,0.0000000000000000e+00,0.0000000000000000e+00,0.0000000000000000e+00,0.0000000000000000e+00,0.0000000000000000e+00,0.0000000000000000e+00,1.0000000000000000e+00,0.0000000000000000e+00,0.0000000000000000e+00,1.0000000000000000e+00,1.0000000000000000e+00,0.0000000000000000e+00,5.6250000000000000e-01,
0.0000000000000000e+00,-6.6989507668584469e-02,0.0000000000000000e+00,0.0000000000000000e+00,-1.0000000000000000e+00,-9.7672659189892842e-11,0.0000000000000000e+00,0.0000000000000000e+00,0.0000000000000000e+00,-1.7088552795030409e-12,0.0000000000000000e+00,0.0000000000000000e+00,-8.0229342154103440e-16,-1.5624999991990018e-02,
0.0000000000000000e+00,0.0000000000000000e+00,0.0000000000000000e+00,0.0000000000000000e+00,0.0000000000000000e+00,0.0000000000000000e+00,0.0000000000000000e+00,1.0000000000000000e+00,0.0000000000000000e+00,0.0000000000000000e+00,1.0000000000000000e+00,1.0000000000000000e+00,0.0000000000000000e+00,5.6250000000000000e-01,
0.0000000000000000e+00,-6.6989507668584802e-02,0.0000000000000000e+00,0.0000000000000000e+00,-1.0000000000000000e+00,-9.7687314133817894e-11,0.0000000000000000e+00,0.0000000000000000e+00,0.0000000000000000e+00,-1.7124079931818414e-12,0.0000000000000000e+00,0.0000000000000000e+00,-1.2981364232201699e-15,-1.5624999991990018e-02,
0.0000000000000000e+00,0.0000000000000000e+00,0.0000000000000000e+00,0.0000000000000000e+00,0.0000000000000000e+00,0.0000000000000000e+00,0.0000000000000000e+00,1.0000000000000000e+00,0.0000000000000000e+00,0.0000000000000000e+00,1.0000000000000000e+00,1.0000000000000000e+00,0.0000000000000000e+00,5.6250000000000000e-01,
0.0000000000000000e+00,-6.6989507668584469e-02,0.0000000000000000e+00,0.0000000000000000e+00,-1.0000000000000000e+00,-9.7701969077742946e-11,0.0000000000000000e+00,0.0000000000000000e+00,0.0000000000000000e+00,-1.7124079931818414e-12,0.0000000000000000e+00,0.0000000000000000e+00,-1.5516969229077461e-16,-1.5624999991989987e-02,
0.0000000000000000e+00,0.0000000000000000e+00,0.0000000000000000e+00,0.0000000000000000e+00,0.0000000000000000e+00,0.0000000000000000e+00,0.0000000000000000e+00,1.0000000000000000e+00,0.0000000000000000e+00,0.0000000000000000e+00,1.0000000000000000e+00,1.0000000000000000e+00,0.0000000000000000e+00,5.6250000000000000e-01,
0.0000000000000000e+00,-6.6989507668584802e-02,0.0000000000000000e+00,0.0000000000000000e+00,-1.0000000000000000e+00,-9.7687314133817894e-11,0.0000000000000000e+00,0.0000000000000000e+00,0.0000000000000000e+00,-1.7124079931818414e-12,0.0000000000000000e+00,0.0000000000000000e+00,-1.6983108928106250e-15,-1.5624999991990851e-02,
0.0000000000000000e+00,0.0000000000000000e+00,0.0000000000000000e+00,0.0000000000000000e+00,0.0000000000000000e+00,0.0000000000000000e+00,0.0000000000000000e+00,1.0000000000000000e+00,0.0000000000000000e+00,0.0000000000000000e+00,1.0000000000000000e+00,1.0000000000000000e+00,0.0000000000000000e+00,5.6250000000000000e-01,
0.0000000000000000e+00,-6.6989507668584469e-02,0.0000000000000000e+00,0.0000000000000000e+00,-1.0000000000000000e+00,-9.7687314133817894e-11,0.0000000000000000e+00,0.0000000000000000e+00,0.0000000000000000e+00,-1.7124079931818414e-12,0.0000000000000000e+00,0.0000000000000000e+00,-1.5516969229077461e-16,-1.5624999991990020e-02,
0.0000000000000000e+00,0.0000000000000000e+00,0.0000000000000000e+00,0.0000000000000000e+00,0.0000000000000000e+00,0.0000000000000000e+00,0.0000000000000000e+00,1.0000000000000000e+00,0.0000000000000000e+00,0.0000000000000000e+00,1.0000000000000000e+00,1.0000000000000000e+00,0.0000000000000000e+00,5.6250000000000000e-01,
0.0000000000000000e+00,-6.6989507668584358e-02,0.0000000000000000e+00,0.0000000000000000e+00,-1.0000000000000000e+00,-9.7731278965593051e-11,0.0000000000000000e+00,0.0000000000000000e+00,0.0000000000000000e+00,-1.7195134205394424e-12,0.0000000000000000e+00,0.0000000000000000e+00,-1.5516969229077461e-16,-1.5624999991990018e-02,
0.0000000000000000e+00,0.0000000000000000e+00,0.0000000000000000e+00,0.0000000000000000e+00,0.0000000000000000e+00,0.0000000000000000e+00,0.0000000000000000e+00,1.0000000000000000e+00,0.0000000000000000e+00,0.0000000000000000e+00,1.0000000000000000e+00,1.0000000000000000e+00,0.0000000000000000e+00,5.6250000000000000e-01,
0.0000000000000000e+00,-6.6989507668584469e-02,0.0000000000000000e+00,0.0000000000000000e+00,-1.0000000000000000e+00,-9.7731278965593051e-11,0.0000000000000000e+00,0.0000000000000000e+00,0.0000000000000000e+00,-1.7124079931818414e-12,0.0000000000000000e+00,0.0000000000000000e+00,-1.8083685943651808e-16,-1.5624999991990018e-02,
0.0000000000000000e+00,0.0000000000000000e+00,0.0000000000000000e+00,0.0000000000000000e+00,0.0000000000000000e+00,0.0000000000000000e+00,0.0000000000000000e+00,1.0000000000000000e+00,0.0000000000000000e+00,0.0000000000000000e+00,1.0000000000000000e+00,1.0000000000000000e+00,0.0000000000000000e+00,5.6250000000000000e-01,
0.0000000000000000e+00,-6.6989507668584469e-02,0.0000000000000000e+00,0.0000000000000000e+00,-1.0000000000000000e+00,-9.7731278965593051e-11,0.0000000000000000e+00,0.0000000000000000e+00,0.0000000000000000e+00,-1.7195134205394424e-12,0.0000000000000000e+00,0.0000000000000000e+00,-1.8083685943651808e-16,-1.5624999991990018e-02,
0.0000000000000000e+00,0.0000000000000000e+00,0.0000000000000000e+00,0.0000000000000000e+00,0.0000000000000000e+00,0.0000000000000000e+00,0.0000000000000000e+00,1.0000000000000000e+00,0.0000000000000000e+00,0.0000000000000000e+00,1.0000000000000000e+00,1.0000000000000000e+00,0.0000000000000000e+00,5.6250000000000000e-01,
0.0000000000000000e+00,-6.6989507668585468e-02,0.0000000000000000e+00,0.0000000000000000e+00,-1.0000000000000000e+00,-9.7731278965593051e-11,0.0000000000000000e+00,0.0000000000000000e+00,0.0000000000000000e+00,-1.7195134205394424e-12,0.0000000000000000e+00,0.0000000000000000e+00,-3.4417337763568705e-15,-1.5624999991990018e-02,
0.0000000000000000e+00,0.0000000000000000e+00,0.0000000000000000e+00,0.0000000000000000e+00,0.0000000000000000e+00,0.0000000000000000e+00,0.0000000000000000e+00,1.0000000000000000e+00,0.0000000000000000e+00,0.0000000000000000e+00,1.0000000000000000e+00,1.0000000000000000e+00,0.0000000000000000e+00,5.6250000000000000e-01,
0.0000000000000000e+00,-6.6989507668585579e-02,0.0000000000000000e+00,0.0000000000000000e+00,-1.0000000000000000e+00,-9.7760588853443155e-11,0.0000000000000000e+00,0.0000000000000000e+00,0.0000000000000000e+00,-1.7124079931818414e-12,0.0000000000000000e+00,0.0000000000000000e+00,-3.6179038781299271e-15,-1.5624999991991783e-02,
0.0000000000000000e+00,0.0000000000000000e+00,0.0000000000000000e+00,0.0000000000000000e+00,0.0000000000000000e+00,0.0000000000000000e+00,0.0000000000000000e+00,1.0000000000000000e+00,0.0000000000000000e+00,0.0000000000000000e+00,1.0000000000000000e+00,1.0000000000000000e+00,0.0000000000000000e+00,5.6250000000000000e-01,
0.0000000000000000e+00,-6.6989507668584469e-02,0.0000000000000000e+00,0.0000000000000000e+00,-1.0000000000000000e+00,-9.7731278965593051e-11,0.0000000000000000e+00,0.0000000000000000e+00,0.0000000000000000e+00,-1.7266188478970435e-12,0.0000000000000000e+00,0.0000000000000000e+00,-1.8083685943651808e-16,-1.5624999991991849e-02,
0.0000000000000000e+00,0.0000000000000000e+00,0.0000000000000000e+00,0.0000000000000000e+00,0.0000000000000000e+00,0.0000000000000000e+00,0.0000000000000000e+00,1.0000000000000000e+00,0.0000000000000000e+00,0.0000000000000000e+00,1.0000000000000000e+00,1.0000000000000000e+00,0.0000000000000000e+00,5.6250000000000000e-01,
0.0000000000000000e+00,-6.6989507668586357e-02,0.0000000000000000e+00,0.0000000000000000e+00,-1.0000000000000000e+00,-9.7731278965593051e-11,0.0000000000000000e+00,0.0000000000000000e+00,0.0000000000000000e+00,-1.7266188478970435e-12,0.0000000000000000e+00,0.0000000000000000e+00,-6.7539650275734935e-15,-1.5624999991990018e-02,
0.0000000000000000e+00,0.0000000000000000e+00,0.0000000000000000e+00,0.0000000000000000e+00,0.0000000000000000e+00,0.0000000000000000e+00,0.0000000000000000e+00,1.0000000000000000e+00,0.0000000000000000e+00,0.0000000000000000e+00,1.0000000000000000e+00,1.0000000000000000e+00,0.0000000000000000e+00,5.6250000000000000e-01,
0.0000000000000000e+00,-6.6989507668586135e-02,0.0000000000000000e+00,0.0000000000000000e+00,-1.0000000000000000e+00,-9.7731278965593051e-11,0.0000000000000000e+00,0.0000000000000000e+00,0.0000000000000000e+00,-1.7195134205394424e-12,0.0000000000000000e+00,0.0000000000000000e+00,-6.7539650275734927e-15,-1.5624999991989987e-02,
0.0000000000000000e+00,0.0000000000000000e+00,0.0000000000000000e+00,0.0000000000000000e+00,0.0000000000000000e+00,0.0000000000000000e+00,0.0000000000000000e+00,1.0000000000000000e+00,0.0000000000000000e+00,0.0000000000000000e+00,1.0000000000000000e+00,1.0000000000000000e+00,0.0000000000000000e+00,5.6250000000000000e-01,
0.0000000000000000e+00,-6.6989507668586135e-02,0.0000000000000000e+00,0.0000000000000000e+00,-1.0000000000000000e+00,-9.7789898741293259e-11,0.0000000000000000e+00,0.0000000000000000e+00,0.0000000000000000e+00,-1.7337242752546445e-12,0.0000000000000000e+00,0.0000000000000000e+00,-6.7539650275734935e-15,-1.5624999991990015e-02,
0.0000000000000000e+00,0.0000000000000000e+00,0.0000000000000000e+00,0.0000000000000000e+00,0.0000000000000000e+00,0.0000000000000000e+00,0.0000000000000000e+00,1.0000000000000000e+00,0.0000000000000000e+00,0.0000000000000000e+00,1.0000000000000000e+00,1.0000000000000000e+00,0.0000000000000000e+00,5.6250000000000000e-01,

32,14
1.0000000000000000e+00,0.0000000000000000e+00,1.5711876244495215e-12,1.0000000000000000e+00,1.0000000000000000e+00,0.0000000000000000e+00,5.6250000000000000e-01,1.0000000000000000e+00,7.2654061625582411e-02,0.0000000000000000e+00,2.0000000000000000e+00,1.0000000000000000e+00,9.7663777405695841e-11,5.6250000000000000e-01,
0.0000000000000000e+00,0.0000000000000000e+00,0.0000000000000000e+00,0.0000000000000000e+00,0.0000000000000000e+00,0.0000000000000000e+00,0.0000000000000000e+00,1.0000000000000000e+00,0.0000000000000000e+00,0.0000000000000000e+00,1.0000000000000000e+00,1.0000000000000000e+00,0.0000000000000000e+00,5.6250000000000000e-01,
1.0000000000000000e+00,0.0000000000000000e+00,1.5738521597086219e-12,1.0000000000000000e+00,1.0000000000000000e+00,0.0000000000000000e+00,5.6250000000000000e-01,1.0000000000000000e+00,7.2654061625582411e-02,0.0000000000000000e+00,2.0000000000000000e+00,1.0000000000000000e+00,9.7665553762535241e-11,5.6250000000000000e-01,
0.0000000000000000e+00,0.0000000000000000e+00,0.0000000000000000e+00,0.0000000000000000e+00,0.0000000000000000e+00,0.0000000000000000e+00,0.0000000000000000e+00,1.0000000000000000e+00,0.0000000000000000e+00,0.0000000000000000e+00,1.0000000000000000e+00,1.0000000000000000e+00,0.0000000000000000e+00,5.6250000000000000e-01,
1.0000000000000000e+00,0.0000000000000000e+00,1.5738521597086219e-12,1.0000000000000000e+00,1.0000000000000000e+00,0.0000000000000000e+00,5.6250000000000000e-01,1.0000000000000000e+00,7.2654061625582633e-02,0.0000000000000000e+00,2.0000000000000000e+00,1.0000000000000000e+00,9.7672659189892842e-11,5.6250000000000000e-01,
0.0000000000000000e+00,0.0000000000000000e+00,0.0000000000000000e+00,0.0000000000000000e+00,0.0000000000000000e+00,0.0000000000000000e+00,0.0000000000000000e+00,1.0000000000000000e+00,0.0000000000000000e+00,0.0000000000000000e+00,1.0000000000000000e+00,1.0000000000000000e+00,0.0000000000000000e+00,5.6250000000000000e-01,
1.0000000000000000e+00,0.0000000000000000e+00,1.5774048733874224e-12,1.0000000000000000e+00,1.0000000000000000e+00,0.0000000000000000e+00,5.6250000000000000e-01,1.0000000000000000e+00,7.2654061625582633e-02,0.0000000000000000e+00,2.0000000000000000e+00,1.0000000000000000e+00,9.7687314133817894e-11,5.6250000000000000e-01,
0.0000000000000000e+00,0.0000000000000000e+00,0.0000000000000000e+00,0.0000000000000000e+00,0.0000000000000000e+00,0.0000000000000000e+00,0.0000000000000000e+00,1.0000000000000000e+00,0.0000000000000000e+00,0.0000000000000000e+00,1.0000000000000000e+00,1.0000000000000000e+00,0.0000000000000000e+00,5.6250000000000000e-01,
1.0000000000000000e+00,0.0000000000000000e+00,1.5774048733874224e-12,1.0000000000000000e+00,1.0000000000000000e+00,0.0000000000000000e+00,5.6250000000000000e-01,1.0000000000000000e+00,7.2654061625582633e-02,0.0000000000000000e+00,2.0000000000000000e+00,1.0000000000000000e+00,9.7701969077742946e-11,5.6250000000000000e-01,
0.0000000000000000e+00,0.0000000000000000e+00,0.0000000000000000e+00,0.0000000000000000e+00,0.0000000000000000e+00,0.0000000000000000e+00,0.0000000000000000e+00,1.0000000000000000e+00,0.0000000000000000e+00,0.0000000000000000e+00,1.0000000000000000e+00,1.0000000000000000e+00,0.0000000000000000e+00,5.6250000000000000e-01,
1.0000000000000000e+00,0.0000000000000000e+00,1.5809575870662229e-12,1.0000000000000000e+00,1.0000000000000000e+00,0.0000000000000000e+00,5.6250000000000000e-01,1.0000000000000000e+00,7.2654061625582411e-02,0.0000000000000000e+00,2.0000000000000000e+00,1.0000000000000000e+00,9.7687314133817894e-11,5.6250000000000000e-01,
0.0000000000000000e+00,0.0000000000000000e+00,0.0000000000000000e+00,0.0000000000000000e+00,0.0000000000000000e+00,0.0000000000000000e+00,0.0000000000000000e+00,1.0000000000000000e+00,0.0000000000000000e+00,0.0000000000000000e+00,1.0000000000000000e+00,1.0000000000000000e+00,0.0000000000000000e+00,5.6250000000000000e-01,
1.0000000000000000e+00,0.0000000000000000e+00,1.5774048733874224e-12,1.0000000000000000e+00,1.0000000000000000e+00,0.0000000000000000e+00,5.6250000000000000e-01,1.0000000000000000e+00,7.2654061625582633e-02,0.0000000000000000e+00,2.0000000000000000e+00,1.0000000000000000e+00,9.7687314133817894e-11,5.6250000000000000e-01,
0.0000000000000000e+00,0.0000000000000000e+00,0.0000000000000000e+00,0.0000000000000000e+00,0.0000000000000000e+00,0.0000000000000000e+00,0.0000000000000000e+00,1.0000000000000000e+00,0.0000000000000000e+00,0.0000000000000000e+00,1.0000000000000000e+00,1.0000000000000000e+00,0.0000000000000000e+00,5.6250000000000000e-01,
1.0000000000000000e+00,0.0000000000000000e+00,1.5845103007450234e-12,1.0000000000000000e+00,1.0000000000000000e+00,0.0000000000000000e+00,5.6250000000000000e-01,1.0000000000000000e+00,7.2654061625582411e-02,0.0000000000000000e+00,2.0000000000000000e+00,1.0000000000000000e+00,9.7731278965593051e-11,5.6250000000000000e-01,
0.0000000000000000e+00,0.0000000000000000e+00,0.0000000000000000e+00,0.0000000000000000e+00,0.0000000000000000e+00,0.0000000000000000e+00,0.0000000000000000e+00,1.0000000000000000e+00,0.0000000000000000e+00,0.0000000000000000e+00,1.0000000000000000e+00,1.0000000000000000e+00,0.0000000000000000e+00,5.6250000000000000e-01,
1.0000000000000000e+00,0.0000000000000000e+00,1.5774048733874224e-12,1.0000000000000000e+00,1.0000000000000000e+00,0.0000000000000000e+00,5.6250000000000000e-01,1.0000000000000000e+00,7.2654061625582633e-02,0.0000000000000000e+00,2.0000000000000000e+00,1.0000000000000000e+00,9.7731278965593051e-11,5.6250000000000000e-01,
0.0000000000000000e+00,0.0000000000000000e+00,0.0000000000000000e+00,0.0000000000000000e+00,0.0000000000000000e+00,0.0000000000000000e+00,0.0000000000000000e+00,1.0000000000000000e+00,0.0000000000000000e+00,0.0000000000000000e+00,1.0000000000000000e+00,1.0000000000000000e+00,0.0000000000000000e+00,5.6250000000000000e-01,
1.0000000000000000e+00,0.0000000000000000e+00,1.5916157281026244e-12,1.0000000000000000e+00,1.0000000000000000e+00,0.0000000000000000e+00,5.6250000000000000e-01,1.0000000000000000e+00,7.2654061625582633e-02,0.0000000000000000e+00,2.0000000000000000e+00,1.0000000000000000e+00,9.7731278965593051e-11,5.6250000000000000e-01,
0.0000000000000000e+00,0.0000000000000000e+00,0.0000000000000000e+00,0.0000000000000000e+00,0.0000000000000000e+00,0.0000000000000000e+00,0.0000000000000000e+00,1.0000000000000000e+00,0.0000000000000000e+00,0.0000000000000000e+00,1.0000000000000000e+00,1.0000000000000000e+00,0.0000000000000000e+00,5.6250000000000000e-01,
1.0000000000000000e+00,0.0000000000000000e+00,1.5774048733874224e-12,1.0000000000000000e+00,1.0000000000000000e+00,0.0000000000000000e+00,5.6250000000000000e-01,1.0000000000000000e+00,7.2654061625582633e-02,0.0000000000000000e+00,2.0000000000000000e+00,1.0000000000000000e+00,9.7731278965593051e-11,5.6250000000000000e-01,
0.0000000000000000e+00,0.0000000000000000e+00,0.0000000000000000e+00,0.0000000000000000e+00,0.0000000000000000e+00,0.0000000000000000e+00,0.0000000000000000e+00,1.0000000000000000e+00,0.0000000000000000e+00,0.0000000000000000e+00,1.0000000000000000e+00,1.0000000000000000e+00,0.0000000000000000e+00,5.6250000000000000e-01,
1.0000000000000000e+00,0.0000000000000000e+00,1.5845103007450234e-12,1.0000000000000000e+00,1.0000000000000000e+00,0.0000000000000000e+00,5.6250000000000000e-01,1.0000000000000000e+00,7.2654061625583299e-02,0.0000000000000000e+00,2.0000000000000000e+00,1.0000000000000000e+00,9.7760588853443155e-11,5.6250000000000000e-01,
0.0000000000000000e+00,0.0000000000000000e+00,0.0000000000000000e+00,0.0000000000000000e+00,0.0000000000000000e+00,0.0000000000000000e+00,0.0000000000000000e+00,1.0000000000000000e+00,0.0000000000000000e+00,0.0000000000000000e+00,1.0000000000000000e+00,1.0000000000000000e+00,0.0000000000000000e+00,5.6250000000000000e-01,
1.0000000000000000e+00,0.0000000000000000e+00,1.5845103007450234e-12,1.0000000000000000e+00,1.0000000000000000e+00,0.0000000000000000e+00,5.6250000000000000e-01,1.0000000000000000e+00,7.2654061625584188e-02,0.0000000000000000e+00,2.0000000000000000e+00,1.0000000000000000e+00,9.7731278965593051e-11,5.6250000000000000e-01,
0.0000000000000000e+00,0.0000000000000000e+00,0.0000000000000000e+00,0.0000000000000000e+00,0.0000000000000000e+00,0.0000000000000000e+00,0.0000000000000000e+00,1.0000000000000000e+00,0.0000000000000000e+00,0.0000000000000000e+00,1.0000000000000000e+00,1.0000000000000000e+00,0.0000000000000000e+00,5.6250000000000000e-01,
1.0000000000000000e+00,0.0000000000000000e+00,1.5916157281026244e-12,1.0000000000000000e+00,1.0000000000000000e+00,0.0000000000000000e+00,5.6250000000000000e-01,1.0000000000000000e+00,7.2654061625582633e-02,0.0000000000000000e+00,2.0000000000000000e+00,1.0000000000000000e+00,9.7731278965593051e-11,5.6250000000000000e-01,
0.0000000000000000e+00,0.0000000000000000e+00,0.0000000000000000e+00,0.0000000000000000e+00,0.0000000000000000e+00,0.0000000000000000e+00,0.0000000000000000e+00,1.0000000000000000e+00,0.0000000000000000e+00,0.0000000000000000e+00,1.0000000000000000e+00,1.0000000000000000e+00,0.0000000000000000e+00,5.6250000000000000e-01,
1.0000000000000000e+00,0.0000000000000000e+00,1.5916157281026244e-12,1.0000000000000000e+00,1.0000000000000000e+00,0.0000000000000000e+00,5.6250000000000000e-01,1.0000000000000000e+00,7.2654061625582411e-02,0.0000000000000000e+00,2.0000000000000000e+00,1.0000000000000000e+00,9.7731278965593051e-11,5.6250000000000000e-01,
0.0000000000000000e+00,0.0000000000000000e+00,0.0000000000000000e+00,0.0000000000000000e+00,0.0000000000000000e+00,0.0000000000000000e+00,0.0000000000000000e+00,1.0000000000000000e+00,0.0000000000000000e+00,0.0000000000000000e+00,1.0000000000000000e+00,1.0000000000000000e+00,0.0000000000000000e+00,5.6250000000000000e-01,
1.0000000000000000e+00,0.0000000000000000e+00,1.5916157281026244e-12,1.0000000000000000e+00,1.0000000000000000e+00,0.0000000000000000e+00,5.6250000000000000e-01,1.0000000000000000e+00,7.2654061625582411e-02,0.0000000000000000e+00,2.0000000000000000e+00,1.0000000000000000e+00,9.7789898741293259e-11,5.6250000000000000e-01,
0.0000000000000000e+00,0.0000000000000000e+00,0.0000000000000000e+00,0.0000000000000000e+00,0.0000000000000000e+00,0.0000000000000000e+00,0.0000000000000000e+00,1.0000000000000000e+00,0.0000000000000000e+00,0.0000000000000000e+00,1.0000000000000000e+00,1.0000000000000000e+00,0.0000000000000000e+00,5.6250000000000000e-01,

