res08          0.7   2e-2    8   4.0   5.0   120
eps005         0.7   5e-3    8   4.0   1.2    60
eps010         0.7   1e-2    8   4.0   1.2    60
eps040         0.7   4e-2    8   4.0   1.2    60
disp020        0.2   2e-2    8   4.0   5.0   120
disp030        0.3   2e-2    8   4.0   5.0   120
disp040        0.4   2e-2    8   4.0   5.0   120
disp050        0.5   2e-2    8   4.0   5.0   120
disp060        0.6   2e-2    8   4.0   5.0   120
disp080        0.8   2e-2    8   4.0   5.0   120
disp090        0.9   2e-2    8   4.0   5.0   120
disp110        1.1   2e-2    8   4.0   5.0   120
domain06       0.7   2e-2    8   6.0   5.0   120
res08.base     0.7   0.0     8   4.0   5.0   120
