1
1
14
0
(32 0
((0,0) (15,15) (0,0))
((16,0) (31,15) (0,0))
((0,16) (15,31) (0,0))
((16,16) (31,31) (0,0))
((0,32) (15,47) (0,0))
((16,32) (31,47) (0,0))
((0,48) (15,63) (0,0))
((16,48) (31,63) (0,0))
((0,64) (15,79) (0,0))
((16,64) (31,79) (0,0))
((0,80) (15,95) (0,0))
((16,80) (31,95) (0,0))
((0,96) (15,111) (0,0))
((16,96) (31,111) (0,0))
((0,112) (15,127) (0,0))
((16,112) (31,127) (0,0))
((0,128) (15,143) (0,0))
((16,128) (31,143) (0,0))
((0,144) (15,159) (0,0))
((16,144) (31,159) (0,0))
((0,160) (15,175) (0,0))
((16,160) (31,175) (0,0))
((0,176) (15,191) (0,0))
((16,176) (31,191) (0,0))
((0,192) (15,207) (0,0))
((16,192) (31,207) (0,0))
((0,208) (15,223) (0,0))
((16,208) (31,223) (0,0))
((0,224) (15,239) (0,0))
((16,224) (31,239) (0,0))
((0,240) (15,255) (0,0))
((16,240) (31,255) (0,0))
)
32
FabOnDisk: Cell_D_00000 0
FabOnDisk: Cell_D_00000 28755
FabOnDisk: Cell_D_00000 57511
FabOnDisk: Cell_D_00000 86267
FabOnDisk: Cell_D_00000 115024
FabOnDisk: Cell_D_00000 143780
FabOnDisk: Cell_D_00000 172537
FabOnDisk: Cell_D_00000 201293
FabOnDisk: Cell_D_00001 0
FabOnDisk: Cell_D_00001 28756
FabOnDisk: Cell_D_00001 57513
FabOnDisk: Cell_D_00001 86269
FabOnDisk: Cell_D_00001 115026
FabOnDisk: Cell_D_00001 143783
FabOnDisk: Cell_D_00001 172541
FabOnDisk: Cell_D_00001 201299
FabOnDisk: Cell_D_00002 0
FabOnDisk: Cell_D_00002 28758
FabOnDisk: Cell_D_00002 57517
FabOnDisk: Cell_D_00002 86275
FabOnDisk: Cell_D_00002 115034
FabOnDisk: Cell_D_00002 143792
FabOnDisk: Cell_D_00002 172551
FabOnDisk: Cell_D_00002 201309
FabOnDisk: Cell_D_00003 0
FabOnDisk: Cell_D_00003 28758
FabOnDisk: Cell_D_00003 57517
FabOnDisk: Cell_D_00003 86275
FabOnDisk: Cell_D_00003 115034
FabOnDisk: Cell_D_00003 143792
FabOnDisk: Cell_D_00003 172551
FabOnDisk: Cell_D_00003 201309

32,14
0.0000000000000000e+00,-6.6989507685039640e-02,0.0000000000000000e+00,0.0000000000000000e+00,-1.0000000000000000e+00,-9.8316144454965583e-11,0.0000000000000000e+00,0.0000000000000000e+00,0.0000000000000000e+00,-1.2949641359227826e-12,0.0000000000000000e+00,0.0000000000000000e+00,-1.4190832259676306e-15,-1.5624999960769376e-02,
0.0000000000000000e+00,0.0000000000000000e+00,0.0000000000000000e+00,0.0000000000000000e+00,0.0000000000000000e+00,0.0000000000000000e+00,0.0000000000000000e+00,1.0000000000000000e+00,0.0000000000000000e+00,0.0000000000000000e+00,1.0000000000000000e+00,1.0000000000000000e+00,0.0000000000000000e+00,5.6250000000000000e-01,
0.0000000000000000e+00,-6.6989507685039640e-02,0.0000000000000000e+00,0.0000000000000000e+00,-1.0000000000000000e+00,-9.8319697168644384e-11,0.0000000000000000e+00,0.0000000000000000e+00,0.0000000000000000e+00,-1.2967404927621828e-12,0.0000000000000000e+00,0.0000000000000000e+00,-1.2355240912378960e-15,-1.5624999960769870e-02,
0.0000000000000000e+00,0.0000000000000000e+00,0.0000000000000000e+00,0.0000000000000000e+00,0.0000000000000000e+00,0.0000000000000000e+00,0.0000000000000000e+00,1.0000000000000000e+00,0.0000000000000000e+00,0.0000000000000000e+00,1.0000000000000000e+00,1.0000000000000000e+00,0.0000000000000000e+00,5.6250000000000000e-01,
0.0000000000000000e+00,-6.6989507685040195e-02,0.0000000000000000e+00,0.0000000000000000e+00,-1.0000000000000000e+00,-9.8330799398890635e-11,0.0000000000000000e+00,0.0000000000000000e+00,0.0000000000000000e+00,-1.2985168496015831e-12,0.0000000000000000e+00,0.0000000000000000e+00,-2.0584290257772311e-15,-1.5624999960769806e-02,
0.0000000000000000e+00,0.0000000000000000e+00,0.0000000000000000e+00,0.0000000000000000e+00,0.0000000000000000e+00,0.0000000000000000e+00,0.0000000000000000e+00,1.0000000000000000e+00,0.0000000000000000e+00,0.0000000000000000e+00,1.0000000000000000e+00,1.0000000000000000e+00,0.0000000000000000e+00,5.6250000000000000e-01,
0.0000000000000000e+00,-6.6989507685040084e-02,0.0000000000000000e+00,0.0000000000000000e+00,-1.0000000000000000e+00,-9.8330799398890635e-11,0.0000000000000000e+00,0.0000000000000000e+00,0.0000000000000000e+00,-1.3002932064409833e-12,0.0000000000000000e+00,0.0000000000000000e+00,-1.7924238389951345e-15,-1.5624999960770025e-02,
0.0000000000000000e+00,0.0000000000000000e+00,0.0000000000000000e+00,0.0000000000000000e+00,0.0000000000000000e+00,0.0000000000000000e+00,0.0000000000000000e+00,1.0000000000000000e+00,0.0000000000000000e+00,0.0000000000000000e+00,1.0000000000000000e+00,1.0000000000000000e+00,0.0000000000000000e+00,5.6250000000000000e-01,
0.0000000000000000e+00,-6.6989507685039973e-02,0.0000000000000000e+00,0.0000000000000000e+00,-1.0000000000000000e+00,-9.8360109286740739e-11,0.0000000000000000e+00,0.0000000000000000e+00,0.0000000000000000e+00,-1.3038459201197838e-12,0.0000000000000000e+00,0.0000000000000000e+00,-2.4959375566688377e-15,-1.5624999960770079e-02,
0.0000000000000000e+00,0.0000000000000000e+00,0.0000000000000000e+00,0.0000000000000000e+00,0.0000000000000000e+00,0.0000000000000000e+00,0.0000000000000000e+00,1.0000000000000000e+00,0.0000000000000000e+00,0.0000000000000000e+00,1.0000000000000000e+00,1.0000000000000000e+00,0.0000000000000000e+00,5.6250000000000000e-01,
0.0000000000000000e+00,-6.6989507685040750e-02,0.0000000000000000e+00,0.0000000000000000e+00,-1.0000000000000000e+00,-9.8330799398890635e-11,0.0000000000000000e+00,0.0000000000000000e+00,0.0000000000000000e+00,-1.3038459201197838e-12,0.0000000000000000e+00,0.0000000000000000e+00,-4.1460252869413789e-15,-1.5624999960769995e-02,
0.0000000000000000e+00,0.0000000000000000e+00,0.0000000000000000e+00,0.0000000000000000e+00,0.0000000000000000e+00,0.0000000000000000e+00,0.0000000000000000e+00,1.0000000000000000e+00,0.0000000000000000e+00,0.0000000000000000e+00,1.0000000000000000e+00,1.0000000000000000e+00,0.0000000000000000e+00,5.6250000000000000e-01,
0.0000000000000000e+00,-6.6989507685040084e-02,0.0000000000000000e+00,0.0000000000000000e+00,-1.0000000000000000e+00,-9.8345454342815687e-11,0.0000000000000000e+00,0.0000000000000000e+00,0.0000000000000000e+00,-1.3038459201197838e-12,0.0000000000000000e+00,0.0000000000000000e+00,-3.1870065872416239e-15,-1.5624999960770498e-02,
0.0000000000000000e+00,0.0000000000000000e+00,0.0000000000000000e+00,0.0000000000000000e+00,0.0000000000000000e+00,0.0000000000000000e+00,0.0000000000000000e+00,1.0000000000000000e+00,0.0000000000000000e+00,0.0000000000000000e+00,1.0000000000000000e+00,1.0000000000000000e+00,0.0000000000000000e+00,5.6250000000000000e-01,
0.0000000000000000e+00,-6.6989507685039751e-02,0.0000000000000000e+00,0.0000000000000000e+00,-1.0000000000000000e+00,-9.8345454342815687e-11,0.0000000000000000e+00,0.0000000000000000e+00,0.0000000000000000e+00,-1.3073986337985843e-12,0.0000000000000000e+00,0.0000000000000000e+00,-3.1477280435764255e-15,-1.5624999960770956e-02,
0.0000000000000000e+00,0.0000000000000000e+00,0.0000000000000000e+00,0.0000000000000000e+00,0.0000000000000000e+00,0.0000000000000000e+00,0.0000000000000000e+00,1.0000000000000000e+00,0.0000000000000000e+00,0.0000000000000000e+00,1.0000000000000000e+00,1.0000000000000000e+00,0.0000000000000000e+00,5.6250000000000000e-01,
0.0000000000000000e+00,-6.6989507685040417e-02,0.0000000000000000e+00,0.0000000000000000e+00,-1.0000000000000000e+00,-9.8345454342815687e-11,0.0000000000000000e+00,0.0000000000000000e+00,0.0000000000000000e+00,-1.3073986337985843e-12,0.0000000000000000e+00,0.0000000000000000e+00,-3.6319041510876804e-15,-1.5624999960769572e-02,
0.0000000000000000e+00,0.0000000000000000e+00,0.0000000000000000e+00,0.0000000000000000e+00,0.0000000000000000e+00,0.0000000000000000e+00,0.0000000000000000e+00,1.0000000000000000e+00,0.0000000000000000e+00,0.0000000000000000e+00,1.0000000000000000e+00,1.0000000000000000e+00,0.0000000000000000e+00,5.6250000000000000e-01,
0.0000000000000000e+00,-6.6989507685040972e-02,0.0000000000000000e+00,0.0000000000000000e+00,-1.0000000000000000e+00,-9.8403630029306045e-11,0.0000000000000000e+00,0.0000000000000000e+00,0.0000000000000000e+00,-1.3145040611561853e-12,0.0000000000000000e+00,0.0000000000000000e+00,-1.2647302162714156e-14,-1.5624999960772662e-02,
0.0000000000000000e+00,0.0000000000000000e+00,0.0000000000000000e+00,0.0000000000000000e+00,0.0000000000000000e+00,0.0000000000000000e+00,0.0000000000000000e+00,1.0000000000000000e+00,0.0000000000000000e+00,0.0000000000000000e+00,1.0000000000000000e+00,1.0000000000000000e+00,0.0000000000000000e+00,5.6250000000000000e-01,
0.0000000000000000e+00,-6.6989507685040639e-02,0.0000000000000000e+00,0.0000000000000000e+00,-1.0000000000000000e+00,-9.8374764230665791e-11,0.0000000000000000e+00,0.0000000000000000e+00,0.0000000000000000e+00,-1.3145040611561853e-12,0.0000000000000000e+00,0.0000000000000000e+00,-4.7390924065856536e-15,-1.5624999960771230e-02,
0.0000000000000000e+00,0.0000000000000000e+00,0.0000000000000000e+00,0.0000000000000000e+00,0.0000000000000000e+00,0.0000000000000000e+00,0.0000000000000000e+00,1.0000000000000000e+00,0.0000000000000000e+00,0.0000000000000000e+00,1.0000000000000000e+00,1.0000000000000000e+00,0.0000000000000000e+00,5.6250000000000000e-01,
0.0000000000000000e+00,-6.6989507685040861e-02,0.0000000000000000e+00,0.0000000000000000e+00,-1.0000000000000000e+00,-9.8374764230665791e-11,0.0000000000000000e+00,0.0000000000000000e+00,0.0000000000000000e+00,-1.3216094885137863e-12,0.0000000000000000e+00,0.0000000000000000e+00,-4.5745891989704097e-15,-1.5624999960770833e-02,
0.0000000000000000e+00,0.0000000000000000e+00,0.0000000000000000e+00,0.0000000000000000e+00,0.0000000000000000e+00,0.0000000000000000e+00,0.0000000000000000e+00,1.0000000000000000e+00,0.0000000000000000e+00,0.0000000000000000e+00,1.0000000000000000e+00,1.0000000000000000e+00,0.0000000000000000e+00,5.6250000000000000e-01,
0.0000000000000000e+00,-6.6989507685042526e-02,0.0000000000000000e+00,0.0000000000000000e+00,-1.0000000000000000e+00,-9.8374764230665791e-11,0.0000000000000000e+00,0.0000000000000000e+00,0.0000000000000000e+00,-1.3145040611561853e-12,0.0000000000000000e+00,0.0000000000000000e+00,-1.3872326049204791e-14,-1.5624999960773102e-02,
0.0000000000000000e+00,0.0000000000000000e+00,0.0000000000000000e+00,0.0000000000000000e+00,0.0000000000000000e+00,0.0000000000000000e+00,0.0000000000000000e+00,1.0000000000000000e+00,0.0000000000000000e+00,0.0000000000000000e+00,1.0000000000000000e+00,1.0000000000000000e+00,0.0000000000000000e+00,5.6250000000000000e-01,
0.0000000000000000e+00,-6.6989507685041749e-02,0.0000000000000000e+00,0.0000000000000000e+00,-1.0000000000000000e+00,-9.8403630029306045e-11,0.0000000000000000e+00,0.0000000000000000e+00,0.0000000000000000e+00,-1.3145040611561853e-12,0.0000000000000000e+00,0.0000000000000000e+00,-1.6465098827383502e-14,-1.5624999960774211e-02,
0.0000000000000000e+00,0.0000000000000000e+00,0.0000000000000000e+00,0.0000000000000000e+00,0.0000000000000000e+00,0.0000000000000000e+00,0.0000000000000000e+00,1.0000000000000000e+00,0.0000000000000000e+00,0.0000000000000000e+00,1.0000000000000000e+00,1.0000000000000000e+00,0.0000000000000000e+00,5.6250000000000000e-01,
0.0000000000000000e+00,-6.6989507685040417e-02,0.0000000000000000e+00,0.0000000000000000e+00,-1.0000000000000000e+00,-9.8432939917156150e-11,0.0000000000000000e+00,0.0000000000000000e+00,0.0000000000000000e+00,-1.3073986337985843e-12,0.0000000000000000e+00,0.0000000000000000e+00,-3.3363428324526249e-15,-1.5624999960770030e-02,
0.0000000000000000e+00,0.0000000000000000e+00,0.0000000000000000e+00,0.0000000000000000e+00,0.0000000000000000e+00,0.0000000000000000e+00,0.0000000000000000e+00,1.0000000000000000e+00,0.0000000000000000e+00,0.0000000000000000e+00,1.0000000000000000e+00,1.0000000000000000e+00,0.0000000000000000e+00,5.6250000000000000e-01,
0.0000000000000000e+00,-6.6989507685040306e-02,0.0000000000000000e+00,0.0000000000000000e+00,-1.0000000000000000e+00,-9.8491559692856358e-11,0.0000000000000000e+00,0.0000000000000000e+00,0.0000000000000000e+00,-1.3500311979441904e-12,0.0000000000000000e+00,0.0000000000000000e+00,-6.0434511733475705e-15,-1.5624999960772195e-02,
0.0000000000000000e+00,0.0000000000000000e+00,0.0000000000000000e+00,0.0000000000000000e+00,0.0000000000000000e+00,0.0000000000000000e+00,0.0000000000000000e+00,1.0000000000000000e+00,0.0000000000000000e+00,0.0000000000000000e+00,1.0000000000000000e+00,1.0000000000000000e+00,0.0000000000000000e+00,5.6250000000000000e-01,

32,14
1.0000000000000000e+00,0.0000000000000000e+00,1.1941558852868184e-12,1.0000000000000000e+00,1.0000000000000000e+00,0.0000000000000000e+00,5.6250000000000000e-01,1.0000000000000000e+00,7.2654061610602172e-02,0.0000000000000000e+00,2.0000000000000000e+00,1.0000000000000000e+00,9.8316144454965583e-11,5.6250000000000000e-01,
0.0000000000000000e+00,0.0000000000000000e+00,0.0000000000000000e+00,0.0000000000000000e+00,0.0000000000000000e+00,0.0000000000000000e+00,0.0000000000000000e+00,1.0000000000000000e+00,0.0000000000000000e+00,0.0000000000000000e+00,1.0000000000000000e+00,1.0000000000000000e+00,0.0000000000000000e+00,5.6250000000000000e-01,
1.0000000000000000e+00,0.0000000000000000e+00,1.1945999744966684e-12,1.0000000000000000e+00,1.0000000000000000e+00,0.0000000000000000e+00,5.6250000000000000e-01,1.0000000000000000e+00,7.2654061610602172e-02,0.0000000000000000e+00,2.0000000000000000e+00,1.0000000000000000e+00,9.8319697168644384e-11,5.6250000000000000e-01,
0.0000000000000000e+00,0.0000000000000000e+00,0.0000000000000000e+00,0.0000000000000000e+00,0.0000000000000000e+00,0.0000000000000000e+00,0.0000000000000000e+00,1.0000000000000000e+00,0.0000000000000000e+00,0.0000000000000000e+00,1.0000000000000000e+00,1.0000000000000000e+00,0.0000000000000000e+00,5.6250000000000000e-01,
1.0000000000000000e+00,0.0000000000000000e+00,1.1954881529163686e-12,1.0000000000000000e+00,1.0000000000000000e+00,0.0000000000000000e+00,5.6250000000000000e-01,1.0000000000000000e+00,7.2654061610602394e-02,0.0000000000000000e+00,2.0000000000000000e+00,1.0000000000000000e+00,9.8330799398890635e-11,5.6250000000000000e-01,
0.0000000000000000e+00,0.0000000000000000e+00,0.0000000000000000e+00,0.0000000000000000e+00,0.0000000000000000e+00,0.0000000000000000e+00,0.0000000000000000e+00,1.0000000000000000e+00,0.0000000000000000e+00,0.0000000000000000e+00,1.0000000000000000e+00,1.0000000000000000e+00,0.0000000000000000e+00,5.6250000000000000e-01,
1.0000000000000000e+00,0.0000000000000000e+00,1.1972645097557688e-12,1.0000000000000000e+00,1.0000000000000000e+00,0.0000000000000000e+00,5.6250000000000000e-01,1.0000000000000000e+00,7.2654061610602172e-02,0.0000000000000000e+00,2.0000000000000000e+00,1.0000000000000000e+00,9.8330799398890635e-11,5.6250000000000000e-01,
0.0000000000000000e+00,0.0000000000000000e+00,0.0000000000000000e+00,0.0000000000000000e+00,0.0000000000000000e+00,0.0000000000000000e+00,0.0000000000000000e+00,1.0000000000000000e+00,0.0000000000000000e+00,0.0000000000000000e+00,1.0000000000000000e+00,1.0000000000000000e+00,0.0000000000000000e+00,5.6250000000000000e-01,
1.0000000000000000e+00,0.0000000000000000e+00,1.2008172234345693e-12,1.0000000000000000e+00,1.0000000000000000e+00,0.0000000000000000e+00,5.6250000000000000e-01,1.0000000000000000e+00,7.2654061610602616e-02,0.0000000000000000e+00,2.0000000000000000e+00,1.0000000000000000e+00,9.8360109286740739e-11,5.6250000000000000e-01,
0.0000000000000000e+00,0.0000000000000000e+00,0.0000000000000000e+00,0.0000000000000000e+00,0.0000000000000000e+00,0.0000000000000000e+00,0.0000000000000000e+00,1.0000000000000000e+00,0.0000000000000000e+00,0.0000000000000000e+00,1.0000000000000000e+00,1.0000000000000000e+00,0.0000000000000000e+00,5.6250000000000000e-01,
1.0000000000000000e+00,0.0000000000000000e+00,1.2043699371133698e-12,1.0000000000000000e+00,1.0000000000000000e+00,0.0000000000000000e+00,5.6250000000000000e-01,1.0000000000000000e+00,7.2654061610602616e-02,0.0000000000000000e+00,2.0000000000000000e+00,1.0000000000000000e+00,9.8330799398890635e-11,5.6250000000000000e-01,
0.0000000000000000e+00,0.0000000000000000e+00,0.0000000000000000e+00,0.0000000000000000e+00,0.0000000000000000e+00,0.0000000000000000e+00,0.0000000000000000e+00,1.0000000000000000e+00,0.0000000000000000e+00,0.0000000000000000e+00,1.0000000000000000e+00,1.0000000000000000e+00,0.0000000000000000e+00,5.6250000000000000e-01,
1.0000000000000000e+00,0.0000000000000000e+00,1.2008172234345693e-12,1.0000000000000000e+00,1.0000000000000000e+00,0.0000000000000000e+00,5.6250000000000000e-01,1.0000000000000000e+00,7.2654061610602616e-02,0.0000000000000000e+00,2.0000000000000000e+00,1.0000000000000000e+00,9.8345454342815687e-11,5.6250000000000000e-01,
0.0000000000000000e+00,0.0000000000000000e+00,0.0000000000000000e+00,0.0000000000000000e+00,0.0000000000000000e+00,0.0000000000000000e+00,0.0000000000000000e+00,1.0000000000000000e+00,0.0000000000000000e+00,0.0000000000000000e+00,1.0000000000000000e+00,1.0000000000000000e+00,0.0000000000000000e+00,5.6250000000000000e-01,
1.0000000000000000e+00,0.0000000000000000e+00,1.2079226507921703e-12,1.0000000000000000e+00,1.0000000000000000e+00,0.0000000000000000e+00,5.6250000000000000e-01,1.0000000000000000e+00,7.2654061610602838e-02,0.0000000000000000e+00,2.0000000000000000e+00,1.0000000000000000e+00,9.8345454342815687e-11,5.6250000000000000e-01,
0.0000000000000000e+00,0.0000000000000000e+00,0.0000000000000000e+00,0.0000000000000000e+00,0.0000000000000000e+00,0.0000000000000000e+00,0.0000000000000000e+00,1.0000000000000000e+00,0.0000000000000000e+00,0.0000000000000000e+00,1.0000000000000000e+00,1.0000000000000000e+00,0.0000000000000000e+00,5.6250000000000000e-01,
1.0000000000000000e+00,0.0000000000000000e+00,1.2079226507921703e-12,1.0000000000000000e+00,1.0000000000000000e+00,0.0000000000000000e+00,5.6250000000000000e-01,1.0000000000000000e+00,7.2654061610602394e-02,0.0000000000000000e+00,2.0000000000000000e+00,1.0000000000000000e+00,9.8345454342815687e-11,5.6250000000000000e-01,
0.0000000000000000e+00,0.0000000000000000e+00,0.0000000000000000e+00,0.0000000000000000e+00,0.0000000000000000e+00,0.0000000000000000e+00,0.0000000000000000e+00,1.0000000000000000e+00,0.0000000000000000e+00,0.0000000000000000e+00,1.0000000000000000e+00,1.0000000000000000e+00,0.0000000000000000e+00,5.6250000000000000e-01,
1.0000000000000000e+00,0.0000000000000000e+00,1.2221335055073723e-12,1.0000000000000000e+00,1.0000000000000000e+00,0.0000000000000000e+00,5.6250000000000000e-01,1.0000000000000000e+00,7.2654061610604170e-02,0.0000000000000000e+00,2.0000000000000000e+00,1.0000000000000000e+00,9.8403630029306045e-11,5.6250000000000000e-01,
0.0000000000000000e+00,0.0000000000000000e+00,0.0000000000000000e+00,0.0000000000000000e+00,0.0000000000000000e+00,0.0000000000000000e+00,0.0000000000000000e+00,1.0000000000000000e+00,0.0000000000000000e+00,0.0000000000000000e+00,1.0000000000000000e+00,1.0000000000000000e+00,0.0000000000000000e+00,5.6250000000000000e-01,
1.0000000000000000e+00,0.0000000000000000e+00,1.2079226507921703e-12,1.0000000000000000e+00,1.0000000000000000e+00,0.0000000000000000e+00,5.6250000000000000e-01,1.0000000000000000e+00,7.2654061610603060e-02,0.0000000000000000e+00,2.0000000000000000e+00,1.0000000000000000e+00,9.8374764230665791e-11,5.6250000000000000e-01,
0.0000000000000000e+00,0.0000000000000000e+00,0.0000000000000000e+00,0.0000000000000000e+00,0.0000000000000000e+00,0.0000000000000000e+00,0.0000000000000000e+00,1.0000000000000000e+00,0.0000000000000000e+00,0.0000000000000000e+00,1.0000000000000000e+00,1.0000000000000000e+00,0.0000000000000000e+00,5.6250000000000000e-01,
1.0000000000000000e+00,0.0000000000000000e+00,1.2150280781497713e-12,1.0000000000000000e+00,1.0000000000000000e+00,0.0000000000000000e+00,5.6250000000000000e-01,1.0000000000000000e+00,7.2654061610602616e-02,0.0000000000000000e+00,2.0000000000000000e+00,1.0000000000000000e+00,9.8374764230665791e-11,5.6250000000000000e-01,
0.0000000000000000e+00,0.0000000000000000e+00,0.0000000000000000e+00,0.0000000000000000e+00,0.0000000000000000e+00,0.0000000000000000e+00,0.0000000000000000e+00,1.0000000000000000e+00,0.0000000000000000e+00,0.0000000000000000e+00,1.0000000000000000e+00,1.0000000000000000e+00,0.0000000000000000e+00,5.6250000000000000e-01,
1.0000000000000000e+00,0.0000000000000000e+00,1.2079226507921703e-12,1.0000000000000000e+00,1.0000000000000000e+00,0.0000000000000000e+00,5.6250000000000000e-01,1.0000000000000000e+00,7.2654061610603948e-02,0.0000000000000000e+00,2.0000000000000000e+00,1.0000000000000000e+00,9.8374764230665791e-11,5.6250000000000000e-01,
0.0000000000000000e+00,0.0000000000000000e+00,0.0000000000000000e+00,0.0000000000000000e+00,0.0000000000000000e+00,0.0000000000000000e+00,0.0000000000000000e+00,1.0000000000000000e+00,0.0000000000000000e+00,0.0000000000000000e+00,1.0000000000000000e+00,1.0000000000000000e+00,0.0000000000000000e+00,5.6250000000000000e-01,
1.0000000000000000e+00,0.0000000000000000e+00,1.2079226507921703e-12,1.0000000000000000e+00,1.0000000000000000e+00,0.0000000000000000e+00,5.6250000000000000e-01,1.0000000000000000e+00,7.2654061610604170e-02,0.0000000000000000e+00,2.0000000000000000e+00,1.0000000000000000e+00,9.8403630029306045e-11,5.6250000000000000e-01,
0.0000000000000000e+00,0.0000000000000000e+00,0.0000000000000000e+00,0.0000000000000000e+00,0.0000000000000000e+00,0.0000000000000000e+00,0.0000000000000000e+00,1.0000000000000000e+00,0.0000000000000000e+00,0.0000000000000000e+00,1.0000000000000000e+00,1.0000000000000000e+00,0.0000000000000000e+00,5.6250000000000000e-01,
1.0000000000000000e+00,0.0000000000000000e+00,1.2008172234345693e-12,1.0000000000000000e+00,1.0000000000000000e+00,0.0000000000000000e+00,5.6250000000000000e-01,1.0000000000000000e+00,7.2654061610602838e-02,0.0000000000000000e+00,2.0000000000000000e+00,1.0000000000000000e+00,9.8432939917156150e-11,5.6250000000000000e-01,
0.0000000000000000e+00,0.0000000000000000e+00,0.0000000000000000e+00,0.0000000000000000e+00,0.0000000000000000e+00,0.0000000000000000e+00,0.0000000000000000e+00,1.0000000000000000e+00,0.0000000000000000e+00,0.0000000000000000e+00,1.0000000000000000e+00,1.0000000000000000e+00,0.0000000000000000e+00,5.6250000000000000e-01,
1.0000000000000000e+00,0.0000000000000000e+00,1.2363443602225743e-12,1.0000000000000000e+00,1.0000000000000000e+00,0.0000000000000000e+00,5.6250000000000000e-01,1.0000000000000000e+00,7.2654061610603504e-02,0.0000000000000000e+00,2.0000000000000000e+00,1.0000000000000000e+00,9.8491559692856358e-11,5.6250000000000000e-01,
0.0000000000000000e+00,0.0000000000000000e+00,0.0000000000000000e+00,0.0000000000000000e+00,0.0000000000000000e+00,0.0000000000000000e+00,0.0000000000000000e+00,1.0000000000000000e+00,0.0000000000000000e+00,0.0000000000000000e+00,1.0000000000000000e+00,1.0000000000000000e+00,0.0000000000000000e+00,5.6250000000000000e-01,

