HyperCLaw-V1.1
14
F01
XCEN01
YCEN01
Order01
XSLOPE01
YSLOPE01
INTERCEPT01
F02
XCEN02
YCEN02
Order02
XSLOPE02
YSLOPE02
INTERCEPT02
2
0.0011999999999999999
0
0 0 
9 72 

((0,0) (31,255) (0,0)) 
2 
0.28125 0.28125 
1
0
0 32 0.0011999999999999999
2
0 4.5
0 4.5
4.5 9
0 4.5
0 4.5
4.5 9
4.5 9
4.5 9
0 4.5
9 13.5
4.5 9
9 13.5
0 4.5
13.5 18
4.5 9
13.5 18
0 4.5
18 22.5
4.5 9
18 22.5
0 4.5
22.5 27
4.5 9
22.5 27
0 4.5
27 31.5
4.5 9
27 31.5
0 4.5
31.5 36
4.5 9
31.5 36
0 4.5
36 40.5
4.5 9
36 40.5
0 4.5
40.5 45
4.5 9
40.5 45
0 4.5
45 49.5
4.5 9
45 49.5
0 4.5
49.5 54
4.5 9
49.5 54
0 4.5
54 58.5
4.5 9
54 58.5
0 4.5
58.5 63
4.5 9
58.5 63
0 4.5
63 67.5
4.5 9
63 67.5
0 4.5
67.5 72
4.5 9
67.5 72
Level_0/Cell
