# time  amplitude  mean_radius
  0.0000000000000000E+00  4.9797990409255260E-03  1.0000000000105380E+00
  6.5891770020000004E-02  4.9809867095822156E-03  9.9999999539069728E-01
  1.3178354004000001E-01  4.9847167003506457E-03  9.9999998084547548E-01
  1.9767531006000000E-01  4.9909859600114053E-03  9.9999995626846550E-01
  2.6356708008000007E-01  4.9997927035299169E-03  9.9999992145361538E-01
  3.2945885010000048E-01  5.0111364896955248E-03  9.9999987625342279E-01
  3.9535062012000088E-01  5.0250182776166727E-03  9.9999982066817672E-01
  4.6124239014000129E-01  5.0414403509310432E-03  9.9999975471046831E-01
  5.2713416016000136E-01  5.0604063095516889E-03  9.9999967840198323E-01
  5.9302593018000094E-01  5.0819210745987019E-03  9.9999959176718511E-01
  6.5891770020000051E-01  5.1059908718467471E-03  9.9999949483459660E-01
  7.2480947022000008E-01  5.1326232441100432E-03  9.9999938763227803E-01
  7.9070124023999966E-01  5.1618270382901470E-03  9.9999927018800472E-01
  8.5659301025999923E-01  5.1936124159868485E-03  9.9999914252911937E-01
  9.2248478027999881E-01  5.2279908482755254E-03  9.9999900467617264E-01
  9.8837655029999838E-01  5.2649751212078353E-03  9.9999885665173849E-01
  1.0542683203199994E+00  5.3045793380629182E-03  9.9999869846577893E-01
  1.1201600903400006E+00  5.3468189198899079E-03  9.9999853013888496E-01
  1.1860518603600019E+00  5.3917106219611832E-03  9.9999835166110829E-01
  1.2519436303800031E+00  5.4462595107216223E-03  9.9998202230993494E-01
  1.3178354004000044E+00  5.4965712958616837E-03  9.9998168453208736E-01
  1.3837271704200056E+00  5.5495971090135298E-03  9.9998132857078659E-01
  1.4496189404400068E+00  5.6053590799097905E-03  9.9998095429911993E-01
  1.5155107104600081E+00  5.6638808556136681E-03  9.9998056193398055E-01
  1.5814024804800093E+00  5.7251874839932262E-03  9.9998015147082264E-01
  1.6472942505000105E+00  5.7893051247736955E-03  9.9997972257862833E-01
  1.7131860205200118E+00  5.8562614794680588E-03  9.9997927501552808E-01
  1.7790777905400130E+00  5.9260855897410670E-03  9.9997880844101339E-01
  1.8449695605600143E+00  5.9988079664085713E-03  9.9997832251401852E-01
  1.9108613305800155E+00  6.0823853544093795E-03  9.9999612413636030E-01
  1.9767531006000167E+00  6.1611063052255778E-03  9.9999584046510770E-01
  2.0426448706200180E+00  6.2428294568024553E-03  9.9999554497284804E-01
  2.1085366406400192E+00  6.3275911459508317E-03  9.9999523722767292E-01
  2.1744284106600205E+00  6.4154291820663085E-03  9.9999491694631948E-01
  2.2403201806800217E+00  6.5063829041330347E-03  9.9999458369657190E-01
  2.3062119507000229E+00  6.6004931366454682E-03  9.9999423714675828E-01
  2.3721037207200242E+00  6.6978022904015970E-03  9.9999387680129304E-01
  2.4379954907400254E+00  6.7983542945181134E-03  9.9999350222335381E-01
  2.5038872607600267E+00  6.9021946803589215E-03  9.9999311284422687E-01
  2.5697790307800279E+00  7.0093705128293588E-03  9.9999270833400411E-01
  2.6356708008000291E+00  7.1199305735262170E-03  9.9999228821887931E-01
  2.7015625708200304E+00  7.2339252849003754E-03  9.9999185193731832E-01
  2.7674543408400316E+00  7.3514066774149024E-03  9.9999139861360675E-01
  2.8333461108600329E+00  7.4724284379563887E-03  9.9999092748529861E-01
  2.8992378808800341E+00  7.5970460768143922E-03  9.9999043768483553E-01
  2.9651296509000353E+00  7.7253167500969666E-03  9.9998992856098412E-01
  3.0310214209200366E+00  7.8572994124872959E-03  9.9998939924719954E-01
  3.0969131909400378E+00  7.9930547763275833E-03  9.9998884907491492E-01
  3.1628049609600390E+00  8.1326454119702227E-03  9.9998827707416416E-01
  3.2286967309800403E+00  8.2761356954642561E-03  9.9998768243969494E-01
  3.2945885010000415E+00  8.4235919266091464E-03  9.9998706405747328E-01
  3.3604802710200428E+00  8.5750822609125064E-03  9.9998642096130042E-01
  3.4263720410400440E+00  8.7306768491847084E-03  9.9998575190243377E-01
  3.4922638110600452E+00  8.8904477543790533E-03  9.9998505575356711E-01
  3.5581555810800465E+00  9.0544690993971545E-03  9.9998433110953799E-01
  3.6240473511000477E+00  9.2270323546228099E-03  9.9996742907701253E-01
  3.6899391211200490E+00  9.3998659553817879E-03  9.9996633391711987E-01
  3.7558308911400502E+00  9.5771873037355723E-03  9.9996519721372634E-01
  3.8217226611600514E+00  9.7590792651667067E-03  9.9996401797833179E-01
  3.8876144311800527E+00  9.9503830902206453E-03  9.9998101513797066E-01
  3.9535062012000539E+00  1.0141759726096884E-02  9.9998007853581017E-01
  4.0193979712200552E+00  1.0337969792961163E-02  9.9997910092709530E-01
  4.0852897412400564E+00  1.0539104886834547E-02  9.9997808030710500E-01
  4.1511815112600576E+00  1.0745258860965237E-02  9.9997701490142965E-01
  4.2170732812800589E+00  1.0956528049041771E-02  9.9997590258658464E-01
  4.2829650513000601E+00  1.1173011131457654E-02  9.9997474133910813E-01
  4.3488568213200613E+00  1.1394809381107951E-02  9.9997352877978352E-01
  4.4147485913400626E+00  1.1622026485052516E-02  9.9997226265158234E-01
  4.4806403613600638E+00  1.1854768843873676E-02  9.9997094038171142E-01
  4.5465321313800651E+00  1.2093145350760053E-02  9.9996955950322963E-01
  4.6124239014000663E+00  1.2337267732147432E-02  9.9996811724659673E-01
  4.6783156714200675E+00  1.2587250293202873E-02  9.9996661092636152E-01
  4.7442074414400688E+00  1.2843210294314357E-02  9.9996503756059107E-01
  4.8100992114600700E+00  1.3105267671411422E-02  9.9996339419250468E-01
  4.8759909814800713E+00  1.3373545440052256E-02  9.9996167750192955E-01
  4.9418827515000725E+00  1.3648169388116312E-02  9.9995988418464021E-01
  5.0077745215200737E+00  1.3929268501780652E-02  9.9995801095546377E-01
  5.0736662915400750E+00  1.4216974677237617E-02  9.9995605458129466E-01
  5.1395580615600762E+00  1.4511423162510050E-02  9.9995401087872571E-01
  5.2054498315800775E+00  1.4812752175747065E-02  9.9995187550607290E-01
  5.2713416016000787E+00  1.5121103439283742E-02  9.9994964447907408E-01
  5.3372333716200799E+00  1.5436621797815804E-02  9.9994731359561351E-01
  5.4031251416400812E+00  1.5759455715637322E-02  9.9994487829018275E-01
  5.4690169116600824E+00  1.6089756914027475E-02  9.9994233396068544E-01
  5.5349086816800837E+00  1.6427680904833399E-02  9.9993967559530517E-01
  5.6008004517000849E+00  1.6773386571835063E-02  9.9993689815739251E-01
  5.6666922217200861E+00  1.7127036775586701E-02  9.9993399624861112E-01
  5.7325839917400874E+00  1.7488797831458333E-02  9.9993096438499640E-01
  5.7984757617600886E+00  1.7858840209536601E-02  9.9992779670537602E-01
  5.8643675317800898E+00  1.8237338033182268E-02  9.9992448717784854E-01
  5.9302593018000911E+00  1.8624469771842192E-02  9.9992102941850680E-01
  5.9961510718200923E+00  1.9020417674353647E-02  9.9991741681948476E-01
  6.0620428418400936E+00  1.9425368557897060E-02  9.9991364245842695E-01
  6.1279346118600948E+00  1.9839513132822631E-02  9.9990969909455663E-01
  6.1938263818800960E+00  2.0263046876384045E-02  9.9990557921932044E-01
  6.2597181519000973E+00  2.0696169325036384E-02  9.9990127495661241E-01
  6.3256099219200985E+00  2.1139085045705337E-02  9.9989677807374000E-01
  6.3915016919400998E+00  2.1592002812158791E-02  9.9989208001792285E-01
  6.4573934619601010E+00  2.2055136620885034E-02  9.9988717179659103E-01
  6.5232852319801022E+00  2.2528704855154760E-02  9.9988204405517978E-01
  6.5891770020001035E+00  2.3012931399533833E-02  9.9987668718736922E-01
  6.6550687720201047E+00  2.3508044693353505E-02  9.9987109103536709E-01
  6.7209605420401060E+00  2.4014278972427073E-02  9.9986524488187944E-01
  6.7868523120601072E+00  2.4531873160878709E-02  9.9985913750835331E-01
  6.8527440820801084E+00  2.5061072239755636E-02  9.9985275738567081E-01
  6.9186358521001097E+00  2.5602126093379432E-02  9.9984609234528621E-01
  6.9845276221201109E+00  2.6156705894722087E-02  9.9982291357361930E-01
  7.0504193921401122E+00  2.6722278049953259E-02  9.9981526183317670E-01
  7.1163111621601134E+00  2.7300493538081269E-02  9.9980727793290669E-01
  7.1822029321801146E+00  2.7891625666536649E-02  9.9979894583132334E-01
  7.2480947022001159E+00  2.8495954933292933E-02  9.9979025057360538E-01
  7.3139864722201171E+00  2.9113767263253338E-02  9.9978117589811155E-01
  7.3798782422401183E+00  2.9745356038189570E-02  9.9977170524565317E-01
  7.4457700122601196E+00  3.0391020305433097E-02  9.9976182101682598E-01
  7.5116617822801208E+00  3.1051066944723728E-02  9.9975150510247091E-01
  7.5775535523001221E+00  3.1725808734751518E-02  9.9974073839078892E-01
  7.6434453223201233E+00  3.2417136817548542E-02  9.9974749856307044E-01
  7.7093370923401245E+00  3.3122268331135435E-02  9.9973610923345213E-01
  7.7752288623601258E+00  3.3843080678326726E-02  9.9972421244922649E-01
  7.8411206323801270E+00  3.4579916093342801E-02  9.9971178495021540E-01
  7.9070124024001283E+00  3.5333126006179910E-02  9.9969880368213460E-01
  7.9729041724201295E+00  3.6103068367082734E-02  9.9968524323334007E-01
  8.0387959424401227E+00  3.6890110874024863E-02  9.9967107842091374E-01
  8.1046877124601107E+00  3.7694628002386744E-02  9.9965628147925245E-01
  8.1705794824800986E+00  3.8517004518020564E-02  9.9964082489735295E-01
  8.2364712525000865E+00  3.9357632232029004E-02  9.9962467833677315E-01
  8.3023630225200744E+00  4.0216913871445339E-02  9.9960781174017987E-01
  8.3682547925400623E+00  4.1095259452831961E-02  9.9959019194402920E-01
  8.4341465625600502E+00  4.1993090473998809E-02  9.9957178610757025E-01
  8.5000383325800382E+00  4.2910836046474513E-02  9.9955255799947529E-01
  8.5659301026000261E+00  4.3848937458158967E-02  9.9953247176755644E-01
  8.6318218726200140E+00  4.4807843916849346E-02  9.9951148778618704E-01
  8.6977136426400019E+00  4.5788017513871092E-02  9.9948956686196899E-01
  8.7636054126599898E+00  4.6789928588976619E-02  9.9946666566955911E-01
  8.8294971826799777E+00  4.7814061156487377E-02  9.9944274137889166E-01
  8.8953889526999657E+00  4.8860907814712119E-02  9.9941774660950200E-01
  8.9612807227199536E+00  4.9930975673388972E-02  9.9939163454225211E-01
  9.0271724927399415E+00  5.1024780787753639E-02  9.9936435334652307E-01
  9.0930642627599294E+00  5.2142854612538155E-02  9.9933585183121643E-01
  9.1589560327799173E+00  5.3285737878280268E-02  9.9930607330001342E-01
  9.2248478027999052E+00  5.4453987617880596E-02  9.9927496177014596E-01
  9.2907395728198932E+00  5.5648170547874978E-02  9.9924245519681976E-01
  9.3566313428398811E+00  5.6868870502586960E-02  9.9920849231868969E-01
  9.4225231128598690E+00  5.8116680909589408E-02  9.9917300526837649E-01
  9.4884148828798569E+00  5.9392212154677701E-02  9.9913592704982557E-01
  9.5543066528998448E+00  6.0696080096626366E-02  9.9909718356136901E-01
  9.6201984229198327E+00  6.2028925582888701E-02  9.9905670146489767E-01
  9.6860901929398207E+00  6.3391557834166223E-02  9.9901439431297612E-01
  9.7519819629598086E+00  6.4784747095722905E-02  9.9897017815310740E-01
  9.8178737329797965E+00  6.6209081850703247E-02  9.9892396634009961E-01
  9.8837655029997844E+00  6.7665180026308766E-02  9.9887567357584572E-01
  9.9496572730197723E+00  6.9153550570435318E-02  9.9882520975695166E-01
  1.0015549043039760E+01  7.0674817633355314E-02  9.9877248317876932E-01
  1.0081440813059748E+01  7.2229761857638089E-02  9.9871738686856282E-01
  1.0147332583079736E+01  7.3819252885297434E-02  9.9865981247393898E-01
  1.0213224353099724E+01  7.5443848613456349E-02  9.9859965307853116E-01
  1.0279116123119712E+01  7.7104263183341390E-02  9.9853680310594506E-01
  1.0345007893139700E+01  7.8801380711196758E-02  9.9847114183898222E-01
  1.0410899663159688E+01  8.0535896752944688E-02  9.9840253754021724E-01
  1.0476791433179676E+01  8.2308601928637912E-02  9.9833083367709818E-01
  1.0542683203199664E+01  8.4120442459549805E-02  9.9825591457802909E-01
  1.0608574974392784E+01  8.5972052757097822E-02  9.9817766584746492E-01
  1.0608574974392800E+01  8.5972052757097822E-02  9.9817766584746492E-01
