# time  amplitude  mean_radius
  0.0000000000000000E+00  4.9971920929317180E-03  1.0000000000007234E+00
  6.5229524387999963E-02  4.9984137401201632E-03  9.9999999603967205E-01
  1.3045904877599987E-01  5.0021353321512054E-03  9.9999998386466382E-01
  1.9568857316399976E-01  5.0083535321085206E-03  9.9999996338982966E-01
  2.6091809755199968E-01  5.0170663970906752E-03  9.9999993461184422E-01
  3.2614762193999958E-01  5.0282733075915492E-03  9.9999989752980567E-01
  3.9137714632799947E-01  5.0419749431899110E-03  9.9999985214228637E-01
  4.5660667071599936E-01  5.0581732686247492E-03  9.9999979844596554E-01
  5.2183619510399926E-01  5.0768715246384943E-03  9.9999973643420048E-01
  5.8706571949199915E-01  5.0980742218386423E-03  9.9999966609587410E-01
  6.5229524387999904E-01  5.1217871364996606E-03  9.9999958741444772E-01
  7.1752476826799894E-01  5.1480173079954039E-03  9.9999950036705698E-01
  7.8275429265599883E-01  5.1767730374386962E-03  9.9999940492375172E-01
  8.4798381704399872E-01  5.2080638874540570E-03  9.9999930104668677E-01
  9.1321334143199862E-01  5.2419006827973133E-03  9.9999918868962945E-01
  9.7844286581999851E-01  5.2782955123313220E-03  9.9999906779733394E-01
  1.0436723902080016E+00  5.3172617312277166E-03  9.9999893829753839E-01
  1.1089019145960062E+00  5.3588139626899421E-03  9.9999880012490316E-01
  1.1741314389840107E+00  5.4029681052560306E-03  9.9999865320198422E-01
  1.2393609633720153E+00  5.4497413351274667E-03  9.9999849740672375E-01
  1.3045904877600198E+00  5.4991521130492334E-03  9.9999833260154936E-01
  1.3698200121480244E+00  5.5512201898067848E-03  9.9999815866040898E-01
  1.4350495365360290E+00  5.6059666120775054E-03  9.9999797546275659E-01
  1.5002790609240335E+00  5.6643204980567439E-03  9.9999361830197264E-01
  1.5655085853120381E+00  5.7245005915549964E-03  9.9999337671726907E-01
  1.6307381097000426E+00  5.7874305567507207E-03  9.9999312340544000E-01
  1.6959676340880472E+00  5.8541098964936577E-03  9.9999732758088178E-01
  1.7611971584760517E+00  5.9226321500844082E-03  9.9999710585857216E-01
  1.8264266828640563E+00  5.9939877679027484E-03  9.9999687356364497E-01
  1.8916562072520609E+00  6.0682071339273240E-03  9.9999663036738595E-01
  1.9568857316400654E+00  6.1453220084975784E-03  9.9999637591140811E-01
  2.0221152560280697E+00  6.2253655419546739E-03  9.9999610982246245E-01
  2.0873447804160743E+00  6.3083722890626198E-03  9.9999583172831330E-01
  2.1525743048040789E+00  6.3943782219218447E-03  9.9999554122605994E-01
  2.2178038291920834E+00  6.4834207437978308E-03  9.9999523788458633E-01
  2.2830333535800880E+00  6.5755387064430921E-03  9.9999492124766165E-01
  2.3482628779680925E+00  6.6707724263939247E-03  9.9999459082920183E-01
  2.4134924023560971E+00  6.7691637020377369E-03  9.9999424611566157E-01
  2.4787219267441016E+00  6.8707558316816880E-03  9.9999388656128352E-01
  2.5439514511321062E+00  6.9755936311672968E-03  9.9999351161409322E-01
  2.6091809755201107E+00  7.0837234562755418E-03  9.9999312065439305E-01
  2.6744104999081153E+00  7.1951932178253375E-03  9.9999271302421755E-01
  2.7396400242961199E+00  7.3100524053129178E-03  9.9999228806981266E-01
  2.8048695486841244E+00  7.4283521085598686E-03  9.9999184508963401E-01
  2.8700990730721290E+00  7.5501450394760018E-03  9.9999138332573756E-01
  2.9353285974601335E+00  7.6754855556288503E-03  9.9999090197794693E-01
  3.0005581218481381E+00  7.8044296840398784E-03  9.9999040020912289E-01
  3.0657876462361426E+00  7.9370351446570852E-03  9.9998987714426102E-01
  3.1310171706241472E+00  8.0733613773624584E-03  9.9998933186682770E-01
  3.1962466950121518E+00  8.2134695661696729E-03  9.9998876341400456E-01
  3.2614762194001563E+00  8.3574226685875583E-03  9.9998817077354452E-01
  3.3267057437881609E+00  8.5052854410813828E-03  9.9998755288044017E-01
  3.3919352681761654E+00  8.6571244706945393E-03  9.9998690861459538E-01
  3.4571647925641700E+00  8.8130082012791190E-03  9.9998623679974541E-01
  3.5223943169521745E+00  8.9730069680813741E-03  9.9998553620006270E-01
  3.5876238413401791E+00  9.1371930241509122E-03  9.9998480552197599E-01
  3.6528533657281836E+00  9.3056405780421129E-03  9.9998404341160652E-01
  3.7180828901161882E+00  9.4784258219266625E-03  9.9998324844953723E-01
  3.7833124145041928E+00  9.6567615414427776E-03  9.9998272442429637E-01
  3.8485419388921973E+00  9.8384801570129705E-03  9.9998185082476310E-01
  3.9137714632802019E+00  1.0024778042690028E-02  9.9998093891836859E-01
  3.9790009876682064E+00  1.0215739698415396E-02  9.9997998693444268E-01
  4.0442305120561981E+00  1.0411451792409796E-02  9.9997899308919658E-01
  4.1094600364441840E+00  1.0612003196475227E-02  9.9997795552733160E-01
  4.1746895608321699E+00  1.0817485032812943E-02  9.9997687230838339E-01
  4.2399190852201558E+00  1.1027990708200715E-02  9.9997574141208589E-01
  4.3051486096081417E+00  1.1243615956018320E-02  9.9997456072306812E-01
  4.3703781339961276E+00  1.1464458886506244E-02  9.9997332803181438E-01
  4.4356076583841135E+00  1.1690620024620397E-02  9.9997204103395854E-01
  4.5008371827720994E+00  1.1922202353786802E-02  9.9997069731700705E-01
  4.5660667071600853E+00  1.2159311368493601E-02  9.9996929436683857E-01
  4.6312962315480712E+00  1.2402055122569765E-02  9.9996782955854746E-01
  4.6965257559360571E+00  1.2650544269059942E-02  9.9996630014789423E-01
  4.7617552803240430E+00  1.2904892116007476E-02  9.9996470326976017E-01
  4.8269848047120290E+00  1.3165214683288179E-02  9.9996303595760994E-01
  4.8922143291000149E+00  1.3431630748677910E-02  9.9996129506240705E-01
  4.9574438534880008E+00  1.3704261898694378E-02  9.9995947731638268E-01
  5.0226733778759867E+00  1.3983232588211455E-02  9.9995757936270424E-01
  5.0879029022639726E+00  1.4268670194073062E-02  9.9995559764721920E-01
  5.1531324266519585E+00  1.4560705064057726E-02  9.9995352840980567E-01
  5.2183619510399444E+00  1.4859470601025231E-02  9.9995136776432703E-01
  5.2835914754279303E+00  1.5165103310640230E-02  9.9994911166525513E-01
  5.3488209998159162E+00  1.5477742866860766E-02  9.9994675589408799E-01
  5.4140505242039021E+00  1.5797532177916875E-02  9.9994429605739987E-01
  5.4792800485918880E+00  1.6124617439169445E-02  9.9994172757636413E-01
  5.5445095729798739E+00  1.6459148206608078E-02  9.9993904567600622E-01
  5.6097390973678598E+00  1.6801277466244356E-02  9.9993624536240999E-01
  5.6749686217558457E+00  1.7151161708522902E-02  9.9993332142938207E-01
  5.7401981461438316E+00  1.7508961000722221E-02  9.9993026844324995E-01
  5.8054276705318175E+00  1.7874839047181543E-02  9.9992708073884551E-01
  5.8706571949198034E+00  1.8248963272803540E-02  9.9992375239462228E-01
  5.9358867193077893E+00  1.8631504901080904E-02  9.9992027723208132E-01
  6.0011162436957752E+00  1.9022639033594906E-02  9.9991664880346720E-01
  6.0663457680837611E+00  1.9422544738912785E-02  9.9991286037967642E-01
  6.1315752924717470E+00  1.9831405122158360E-02  9.9990890494286844E-01
  6.1968048168597329E+00  2.0249407412431294E-02  9.9990477516862974E-01
  6.2620343412477188E+00  2.0676743053745943E-02  9.9990046340298733E-01
  6.3272638656357048E+00  2.1113607794421538E-02  9.9989596166086137E-01
  6.3924933900236907E+00  2.1560201779226171E-02  9.9989126161009390E-01
  6.4577229144116766E+00  2.2016729651175394E-02  9.9988635455623076E-01
  6.5229524387996625E+00  2.2483400641629913E-02  9.9988123143027330E-01
  6.5881819631876484E+00  2.2960428661183554E-02  9.9987588276444639E-01
  6.6534114875756343E+00  2.3448032410061315E-02  9.9987029866754495E-01
  6.7186410119636202E+00  2.3946435482487850E-02  9.9986446881819746E-01
  6.7838705363516061E+00  2.4456047861279182E-02  9.9985422520307965E-01
  6.8491000607395920E+00  2.4976745372519090E-02  9.9984776619113447E-01
  6.9143295851275779E+00  2.5508944035576939E-02  9.9984102519507678E-01
  6.9795591095155638E+00  2.6052888148747330E-02  9.9983398975812543E-01
  7.0447886339035497E+00  2.6608827469901834E-02  9.9982664699135659E-01
  7.1100181582915356E+00  2.7177017344227433E-02  9.9981898343216946E-01
  7.1752476826795215E+00  2.7757718793812926E-02  9.9981098504743970E-01
  7.2404772070675074E+00  2.8351198642339245E-02  9.9980263718253781E-01
  7.3057067314554933E+00  2.8957729599158006E-02  9.9979392454154015E-01
  7.3709362558434792E+00  2.9577590276498287E-02  9.9978483115663586E-01
  7.4361657802314651E+00  3.0211064997590940E-02  9.9977534036455951E-01
  7.5013953046194510E+00  3.0858442441271634E-02  9.9976543480288149E-01
  7.5666248290074369E+00  3.1520027413232121E-02  9.9975509618588532E-01
  7.6318543533954228E+00  3.2196161345378810E-02  9.9974430480865928E-01
  7.6970838777834087E+00  3.2887112877287510E-02  9.9973304138888097E-01
  7.7623134021713946E+00  3.3593195323727114E-02  9.9972128525683646E-01
  7.8275429265593806E+00  3.4314729975186947E-02  9.9970901487334807E-01
  7.8927724509473665E+00  3.5052052397109734E-02  9.9969620766781864E-01
  7.9580019753353524E+00  3.5805503214858467E-02  9.9968284013818576E-01
  8.0232314997233516E+00  3.6575428516776115E-02  9.9966888368367834E-01
  8.0884610241113748E+00  3.7362181367918162E-02  9.9965433000664461E-01
  8.1536905484993980E+00  3.8166122533140528E-02  9.9963915265410386E-01
  8.2189200728874212E+00  3.8987626084581367E-02  9.9962330800343657E-01
  8.2841495972754444E+00  3.9827248823062586E-02  9.9961103679778374E-01
  8.3493791216634676E+00  4.0685001530893786E-02  9.9959381154602844E-01
  8.4146086460514908E+00  4.1561469021590955E-02  9.9957583120798355E-01
  8.4798381704395140E+00  4.2457041415887763E-02  9.9955706248597365E-01
  8.5450676948275373E+00  4.3372146211972398E-02  9.9953747028686690E-01
  8.6102972192155605E+00  4.4307195968616549E-02  9.9951701803194559E-01
  8.6755267436035837E+00  4.5262632043574037E-02  9.9949566739964724E-01
  8.7407562679916069E+00  4.6238862441097373E-02  9.9947337978107043E-01
  8.8059857923796301E+00  4.7236353285588686E-02  9.9945011449777388E-01
  8.8712153167676533E+00  4.8255534936670369E-02  9.9942582836176974E-01
  8.9364448411556765E+00  4.9296899441139942E-02  9.9940047740232474E-01
  9.0016743655436997E+00  5.0360917133637509E-02  9.9937401417252880E-01
  9.0669038899317229E+00  5.1448076434456272E-02  9.9934639126867508E-01
  9.1321334143197461E+00  5.2558921658632546E-02  9.9931755623430818E-01
  9.1973629387077693E+00  5.3693930963980674E-02  9.9928745790386364E-01
  9.2625924630957925E+00  5.4853651831782882E-02  9.9925603883713754E-01
  9.3278219874838157E+00  5.6038654335333726E-02  9.9922324297990128E-01
  9.3930515118718390E+00  5.7249440566002979E-02  9.9918900762358420E-01
  9.4582810362598622E+00  5.8486599181011699E-02  9.9915327340358295E-01
  9.5235105606478854E+00  5.9750746880687745E-02  9.9911596924988944E-01
  9.5887400850359086E+00  6.1053380970324311E-02  9.9907153934197213E-01
  9.6539696094239318E+00  6.2360538878145376E-02  9.9903722265191897E-01
  9.7191991338119550E+00  6.3714001158940881E-02  9.9900112158125642E-01
  9.7844286581999782E+00  6.5082822571931917E-02  9.9895114847703070E-01
  9.8496581825880014E+00  6.6501355417600105E-02  9.9890005200515752E-01
  9.9148877069760246E+00  6.7938830539048881E-02  9.9885239862569064E-01
  9.9801172313640478E+00  6.9414113641180220E-02  9.9880400509668854E-01
  1.0045346755752071E+01  7.0918144350994389E-02  9.9874974549108997E-01
  1.0110576280140094E+01  7.2447722535097056E-02  9.9869695216833110E-01
  1.0175805804528117E+01  7.4007485899824810E-02  9.9864029524593945E-01
  1.0241035328916141E+01  7.5615988344903545E-02  9.9857734876724080E-01
  1.0306264853304164E+01  7.7250439907989105E-02  9.9851427404551274E-01
  1.0371494377692187E+01  7.8930952946000527E-02  9.9845362214420952E-01
  1.0436723902080210E+01  8.0639464658933124E-02  9.9838138094144979E-01
  1.0501953426468233E+01  8.2383822707462528E-02  9.9831208048328712E-01
  1.0567182950856257E+01  8.4169975008704365E-02  9.9823863447759797E-01
  1.0632412471553085E+01  8.5991772837362215E-02  9.9815902043020044E-01
  1.0632412471553099E+01  8.5991772837362215E-02  9.9815902043020044E-01
