INITIAL GRIDS 
  Level 0   32 grids  8192 cells  100 % of domain
 0: ((0,0) (15,15) (0,0))   16 16 :: 0
 0: ((16,0) (31,15) (0,0))   16 16 :: 0
 0: ((0,16) (15,31) (0,0))   16 16 :: 0
 0: ((16,16) (31,31) (0,0))   16 16 :: 0
 0: ((0,32) (15,47) (0,0))   16 16 :: 0
 0: ((16,32) (31,47) (0,0))   16 16 :: 0
 0: ((0,48) (15,63) (0,0))   16 16 :: 0
 0: ((16,48) (31,63) (0,0))   16 16 :: 0
 0: ((0,64) (15,79) (0,0))   16 16 :: 1
 0: ((16,64) (31,79) (0,0))   16 16 :: 1
 0: ((0,80) (15,95) (0,0))   16 16 :: 1
 0: ((16,80) (31,95) (0,0))   16 16 :: 1
 0: ((0,96) (15,111) (0,0))   16 16 :: 1
 0: ((16,96) (31,111) (0,0))   16 16 :: 1
 0: ((0,112) (15,127) (0,0))   16 16 :: 1
 0: ((16,112) (31,127) (0,0))   16 16 :: 1
 0: ((0,128) (15,143) (0,0))   16 16 :: 2
 0: ((16,128) (31,143) (0,0))   16 16 :: 2
 0: ((0,144) (15,159) (0,0))   16 16 :: 2
 0: ((16,144) (31,159) (0,0))   16 16 :: 2
 0: ((0,160) (15,175) (0,0))   16 16 :: 2
 0: ((16,160) (31,175) (0,0))   16 16 :: 2
 0: ((0,176) (15,191) (0,0))   16 16 :: 2
 0: ((16,176) (31,191) (0,0))   16 16 :: 2
 0: ((0,192) (15,207) (0,0))   16 16 :: 3
 0: ((16,192) (31,207) (0,0))   16 16 :: 3
 0: ((0,208) (15,223) (0,0))   16 16 :: 3
 0: ((16,208) (31,223) (0,0))   16 16 :: 3
 0: ((0,224) (15,239) (0,0))   16 16 :: 3
 0: ((16,224) (31,239) (0,0))   16 16 :: 3
 0: ((0,240) (15,255) (0,0))   16 16 :: 3
 0: ((16,240) (31,255) (0,0))   16 16 :: 3

  Level 0   32 grids  8192 cells  100 % of domain
 0: ((0,0) (15,15) (0,0))   16 16 :: 0
 0: ((16,0) (31,15) (0,0))   16 16 :: 0
 0: ((0,16) (15,31) (0,0))   16 16 :: 0
 0: ((16,16) (31,31) (0,0))   16 16 :: 0
 0: ((0,32) (15,47) (0,0))   16 16 :: 0
 0: ((16,32) (31,47) (0,0))   16 16 :: 0
 0: ((0,48) (15,63) (0,0))   16 16 :: 0
 0: ((16,48) (31,63) (0,0))   16 16 :: 0
 0: ((0,64) (15,79) (0,0))   16 16 :: 1
 0: ((16,64) (31,79) (0,0))   16 16 :: 1
 0: ((0,80) (15,95) (0,0))   16 16 :: 1
 0: ((16,80) (31,95) (0,0))   16 16 :: 1
 0: ((0,96) (15,111) (0,0))   16 16 :: 1
 0: ((16,96) (31,111) (0,0))   16 16 :: 1
 0: ((0,112) (15,127) (0,0))   16 16 :: 1
 0: ((16,112) (31,127) (0,0))   16 16 :: 1
 0: ((0,128) (15,143) (0,0))   16 16 :: 2
 0: ((16,128) (31,143) (0,0))   16 16 :: 2
 0: ((0,144) (15,159) (0,0))   16 16 :: 2
 0: ((16,144) (31,159) (0,0))   16 16 :: 2
 0: ((0,160) (15,175) (0,0))   16 16 :: 2
 0: ((16,160) (31,175) (0,0))   16 16 :: 2
 0: ((0,176) (15,191) (0,0))   16 16 :: 2
 0: ((16,176) (31,191) (0,0))   16 16 :: 2
 0: ((0,192) (15,207) (0,0))   16 16 :: 3
 0: ((16,192) (31,207) (0,0))   16 16 :: 3
 0: ((0,208) (15,223) (0,0))   16 16 :: 3
 0: ((16,208) (31,223) (0,0))   16 16 :: 3
 0: ((0,224) (15,239) (0,0))   16 16 :: 3
 0: ((16,224) (31,239) (0,0))   16 16 :: 3
 0: ((0,240) (15,255) (0,0))   16 16 :: 3
 0: ((16,240) (31,255) (0,0))   16 16 :: 3

  Level 0   32 grids  8192 cells  100 % of domain
 0: ((0,0) (15,15) (0,0))   16 16 :: 0
 0: ((16,0) (31,15) (0,0))   16 16 :: 0
 0: ((0,16) (15,31) (0,0))   16 16 :: 0
 0: ((16,16) (31,31) (0,0))   16 16 :: 0
 0: ((0,32) (15,47) (0,0))   16 16 :: 0
 0: ((16,32) (31,47) (0,0))   16 16 :: 0
 0: ((0,48) (15,63) (0,0))   16 16 :: 0
 0: ((16,48) (31,63) (0,0))   16 16 :: 0
 0: ((0,64) (15,79) (0,0))   16 16 :: 1
 0: ((16,64) (31,79) (0,0))   16 16 :: 1
 0: ((0,80) (15,95) (0,0))   16 16 :: 1
 0: ((16,80) (31,95) (0,0))   16 16 :: 1
 0: ((0,96) (15,111) (0,0))   16 16 :: 1
 0: ((16,96) (31,111) (0,0))   16 16 :: 1
 0: ((0,112) (15,127) (0,0))   16 16 :: 1
 0: ((16,112) (31,127) (0,0))   16 16 :: 1
 0: ((0,128) (15,143) (0,0))   16 16 :: 2
 0: ((16,128) (31,143) (0,0))   16 16 :: 2
 0: ((0,144) (15,159) (0,0))   16 16 :: 2
 0: ((16,144) (31,159) (0,0))   16 16 :: 2
 0: ((0,160) (15,175) (0,0))   16 16 :: 2
 0: ((16,160) (31,175) (0,0))   16 16 :: 2
 0: ((0,176) (15,191) (0,0))   16 16 :: 2
 0: ((16,176) (31,191) (0,0))   16 16 :: 2
 0: ((0,192) (15,207) (0,0))   16 16 :: 3
 0: ((16,192) (31,207) (0,0))   16 16 :: 3
 0: ((0,208) (15,223) (0,0))   16 16 :: 3
 0: ((16,208) (31,223) (0,0))   16 16 :: 3
 0: ((0,224) (15,239) (0,0))   16 16 :: 3
 0: ((16,224) (31,239) (0,0))   16 16 :: 3
 0: ((0,240) (15,255) (0,0))   16 16 :: 3
 0: ((16,240) (31,255) (0,0))   16 16 :: 3

