 "CLSVOF data"
 VARIABLES="X","Y","U","V","PMG","PEOS","DIV","D","T","KE"
 zone i=          33  SOLUTIONTIME=   6.0000000000000006E-004  STRANDID=           6
  -0.1188702367904177E+00   0.0000000000000000E+00   0.1156946956333347E-15  -0.2946975996565015E-15   0.8750000000172351E+00   0.8750000000172351E+00  -0.1949939798106681E-14   0.1000000000000000E+01   0.2930000000000000E+03   0.1226351500000000E+11
   0.1188702367904177E+00   0.0000000000000000E+00  -0.1156946956333347E-15  -0.2946975996565015E-15   0.8750000000172351E+00   0.8750000000172351E+00  -0.1949939798106681E-14   0.1000000000000000E+01   0.2930000000000000E+03   0.1226351500000000E+11
   0.4436297632095823E+00   0.0000000000000000E+00  -0.2961336524234013E-15  -0.3997116898954752E-15   0.8750000000173351E+00   0.8750000000173351E+00  -0.1648637817340875E-14   0.1000000000000000E+01   0.2930000000000000E+03   0.1226351500000000E+11
   0.6813702367904177E+00   0.0000000000000000E+00  -0.1436942747419223E-15  -0.2725801619228729E-15   0.8750000000174941E+00   0.8750000000174941E+00   0.1561225271003809E-14   0.1000000000000000E+01   0.2930000000000001E+03   0.1226351500000000E+11
   0.1006129763209582E+01   0.0000000000000000E+00   0.1867673599222072E-15   0.2340349328475689E-15   0.7976497308262973E+00   0.7976497308262973E+00   0.1702698701942735E-14   0.9227444848901316E+00   0.2930000000000002E+03   0.1131609083161741E+11
   0.1243870236790418E+01   0.0000000000000000E+00   0.1231222062642852E-14   0.7747174029255368E-14  -0.4764973081130595E-01  -0.4764973081130595E-01   0.2039319939981236E-13   0.7848051510986843E-01   0.2930000000000001E+03   0.9624469742575990E+09
   0.1568629763209582E+01   0.0000000000000000E+00   0.3369851788193542E-14   0.9907591949986094E-14  -0.1250000000024756E+00  -0.1250000000024756E+00   0.1483573622104979E-13   0.1225000000000000E-02   0.2930000000000000E+03   0.1502280587500000E+08
   0.1806370236790418E+01   0.0000000000000000E+00   0.2890156131712783E-14   0.9100634637609784E-14  -0.1250000000024777E+00  -0.1250000000024777E+00  -0.3679716884292364E-14   0.1225000000000000E-02   0.2930000000000000E+03   0.1502280587500000E+08
   0.2131129763209582E+01   0.0000000000000000E+00   0.2468545314969359E-14   0.8844860928390533E-14  -0.1250000000024789E+00  -0.1250000000024789E+00   0.1050674642933797E-13   0.1225000000000000E-02   0.2930000000000001E+03   0.1502280587500000E+08
   0.2368870236790418E+01   0.0000000000000000E+00   0.2017057806019573E-14   0.7516956490302930E-14  -0.1250000000024805E+00  -0.1250000000024805E+00  -0.6769586290222405E-14   0.1225000000000000E-02   0.2930000000000000E+03   0.1502280587500000E+08
   0.2693629763209582E+01   0.0000000000000000E+00   0.1290108851807703E-14   0.6288514194593652E-14  -0.1250000000024811E+00  -0.1250000000024811E+00   0.6794757707719504E-14   0.1225000000000000E-02   0.2930000000000000E+03   0.1502280587500000E+08
   0.2931370236790418E+01   0.0000000000000000E+00   0.1460135405221214E-14   0.4756316766031034E-14  -0.1250000000024821E+00  -0.1250000000024821E+00  -0.1094877153839935E-14   0.1225000000000000E-02   0.2930000000000000E+03   0.1502280587500000E+08
   0.3256129763209582E+01   0.0000000000000000E+00   0.1413487814626835E-14   0.3307423054390921E-14  -0.1250000000024828E+00  -0.1250000000024828E+00   0.2743807395199362E-14   0.1225000000000000E-02   0.2930000000000001E+03   0.1502280587500000E+08
   0.3493870236790418E+01   0.0000000000000000E+00   0.1860409819354700E-14   0.1683293780114544E-14  -0.1250000000024837E+00  -0.1250000000024837E+00   0.8818870015460234E-15   0.1225000000000000E-02   0.2930000000000000E+03   0.1502280587500000E+08
   0.3818629763209582E+01   0.0000000000000000E+00   0.2405163998874413E-14   0.7098198877667621E-15  -0.1250000000024851E+00  -0.1250000000024851E+00  -0.1752548777052033E-14   0.1225000000000000E-02   0.2930000000000000E+03   0.1502280587500000E+08
   0.4056370236790418E+01   0.0000000000000000E+00   0.3021304352650593E-14   0.1522372015170781E-16  -0.1250000000024863E+00  -0.1250000000024863E+00  -0.3236283513380061E-14   0.1225000000000000E-02   0.2929999999999999E+03   0.1502280587500000E+08
   0.4381129763209582E+01   0.0000000000000000E+00   0.2580598779673729E-14   0.1982787675769408E-14  -0.1250000000024886E+00  -0.1250000000024886E+00  -0.2184477217201140E-13   0.1225000000000000E-02   0.2930000000000000E+03   0.1502280587500000E+08
   0.4618870236790418E+01   0.0000000000000000E+00   0.1425376742602001E-15   0.2125792769101919E-14  -0.1250000000024896E+00  -0.1250000000024896E+00  -0.1971194181323619E-13   0.1225000000000000E-02   0.2930000000000000E+03   0.1502280587500000E+08
   0.4943629763209582E+01   0.0000000000000000E+00  -0.1358261560795629E-14  -0.1173692517498954E-14  -0.1250000000024884E+00  -0.1250000000024884E+00   0.4227337644406737E-14   0.1225000000000000E-02   0.2930000000000000E+03   0.1502280587500000E+08
   0.5181370236790418E+01   0.0000000000000000E+00  -0.1003738288599101E-14  -0.2379021161301547E-14  -0.1250000000024881E+00  -0.1250000000024881E+00  -0.2807450729172477E-14   0.1225000000000000E-02   0.2930000000000001E+03   0.1502280587500000E+08
   0.5506129763209582E+01   0.0000000000000000E+00  -0.9685507662014168E-15  -0.2990505302065330E-14  -0.1250000000024873E+00  -0.1250000000024873E+00   0.2274414964127825E-14   0.1225000000000000E-02   0.2930000000000000E+03   0.1502280587500000E+08
   0.5743870236790418E+01   0.0000000000000000E+00  -0.7684100722807708E-15  -0.3317374086825355E-14  -0.1250000000024869E+00  -0.1250000000024869E+00  -0.7102351665030794E-17   0.1225000000000000E-02   0.2930000000000000E+03   0.1502280587500000E+08
   0.6068629763209582E+01   0.0000000000000000E+00  -0.6498416797962828E-15  -0.3568603668970403E-14  -0.1250000000024864E+00  -0.1250000000024864E+00   0.1597384960958542E-14   0.1225000000000000E-02   0.2930000000000000E+03   0.1502280587500000E+08
   0.6306370236790418E+01   0.0000000000000000E+00  -0.5082671652859612E-15  -0.3742252710874165E-14  -0.1250000000024862E+00  -0.1250000000024862E+00   0.5345499448332949E-15   0.1225000000000000E-02   0.2930000000000000E+03   0.1502280587500000E+08
   0.6631129763209582E+01   0.0000000000000000E+00  -0.4017054223759899E-15  -0.3851143469704896E-14  -0.1250000000024859E+00  -0.1250000000024859E+00   0.6001157592997548E-15   0.1225000000000000E-02   0.2930000000000001E+03   0.1502280587500000E+08
   0.6868870236790418E+01   0.0000000000000000E+00  -0.3101128822152362E-15  -0.3943075315418652E-14  -0.1250000000024857E+00  -0.1250000000024857E+00   0.3250520576649652E-15   0.1225000000000000E-02   0.2930000000000000E+03   0.1502280587500000E+08
   0.7193629763209582E+01   0.0000000000000000E+00  -0.2245780578370024E-15  -0.4018450900944315E-14  -0.1250000000024855E+00  -0.1250000000024855E+00   0.2805087585612600E-16   0.1225000000000000E-02   0.2930000000000000E+03   0.1502280587500000E+08
   0.7431370236790418E+01   0.0000000000000000E+00  -0.1736125118502969E-15  -0.4089953447610571E-14  -0.1250000000024854E+00  -0.1250000000024854E+00  -0.2546253889435344E-15   0.1225000000000000E-02   0.2930000000000000E+03   0.1502280587500000E+08
   0.7756129763209582E+01   0.0000000000000000E+00  -0.7752229660055792E-16  -0.4182954216271398E-14  -0.1250000000024853E+00  -0.1250000000024853E+00  -0.1292557898581761E-15   0.1225000000000000E-02   0.2930000000000000E+03   0.1502280587500000E+08
   0.7993870236790418E+01   0.0000000000000000E+00  -0.6304847807772314E-17  -0.4203383515318900E-14  -0.1250000000024853E+00  -0.1250000000024853E+00  -0.4831985547700519E-15   0.1225000000000000E-02   0.2930000000000001E+03   0.1502280587500000E+08
   0.8318629763209582E+01   0.0000000000000000E+00   0.4105083904989063E-16  -0.4417359102942432E-14  -0.1250000000024853E+00  -0.1250000000024853E+00  -0.9075821731788934E-15   0.1225000000000000E-02   0.2930000000000001E+03   0.1502280587500000E+08
   0.8556370236790418E+01   0.0000000000000000E+00   0.9237242838393445E-16  -0.4754442537226208E-14  -0.1250000000024853E+00  -0.1250000000024853E+00  -0.1482849437049409E-14   0.1225000000000000E-02   0.2930000000000000E+03   0.1502280587500000E+08
   0.8881129763209582E+01   0.0000000000000000E+00   0.6636520730870620E-16  -0.5463183865652694E-14  -0.1250000000024854E+00  -0.1250000000024854E+00  -0.7038165816548960E-14   0.1225000000000000E-02   0.2930000000000000E+03   0.1502280587500000E+08
   0.9118870236790418E+01   0.0000000000000000E+00   0.5563722048284829E-17  -0.4580055990148071E-15  -0.1250000000024854E+00  -0.1250000000024854E+00  -0.7038165816548960E-14   0.1225000000000000E-02   0.2930000000000000E+03   0.1502280587500000E+08
