 "CLSVOF data"
 VARIABLES="X","Y","U","V","PMG","PEOS","DIV","D","T","KE"
 zone i=          33  SOLUTIONTIME=   1.2000000000000001E-003  STRANDID=           6
  -0.1188702367904177E+00   0.0000000000000000E+00   0.1171784910285658E-15  -0.2949504972328209E-15   0.8750000000282391E+00   0.8750000000282391E+00  -0.1956245229730755E-14   0.1000000000000000E+01   0.2930000000000000E+03   0.1226351500000000E+11
   0.1188702367904177E+00   0.0000000000000000E+00  -0.1171784910285658E-15  -0.2949504972328209E-15   0.8750000000282391E+00   0.8750000000282391E+00  -0.1956245229730755E-14   0.1000000000000000E+01   0.2930000000000000E+03   0.1226351500000000E+11
   0.4436297632095823E+00   0.0000000000000000E+00  -0.2973185265829309E-15  -0.4002601354891889E-15   0.8750000000282403E+00   0.8750000000282403E+00  -0.1634196418852016E-14   0.1000000000000000E+01   0.2930000000000000E+03   0.1226351500000000E+11
   0.6813702367904177E+00   0.0000000000000000E+00  -0.1441241092172636E-15  -0.2735990110946581E-15   0.8750000000282405E+00   0.8750000000282405E+00   0.1576345183139280E-14   0.1000000000000000E+01   0.2930000000000001E+03   0.1226351500000000E+11
   0.1006129763209582E+01   0.0000000000000000E+00   0.1867361173737648E-15   0.2283790638198184E-15   0.7976497308361185E+00   0.7976497308361185E+00   0.1730710726574556E-14   0.9227444848901316E+00   0.2930000000000001E+03   0.1131609083161740E+11
   0.1243870236790418E+01   0.0000000000000000E+00   0.1246815944710253E-14   0.7737615685727375E-14  -0.4764973081191182E-01  -0.4764973081191182E-01   0.2053818519308362E-13   0.7848051510986843E-01   0.2930000000000001E+03   0.9624469742575985E+09
   0.1568629763209582E+01   0.0000000000000000E+00   0.3386085275301042E-14   0.9937317205277961E-14  -0.1250000000040341E+00  -0.1250000000040341E+00   0.1459774092344699E-13   0.1225000000000000E-02   0.2930000000000000E+03   0.1502280587500000E+08
   0.1806370236790418E+01   0.0000000000000000E+00   0.2899467923940859E-14   0.9114610080611678E-14  -0.1250000000040341E+00  -0.1250000000040341E+00  -0.3677369643851961E-14   0.1225000000000000E-02   0.2930000000000000E+03   0.1502280587500000E+08
   0.2131129763209582E+01   0.0000000000000000E+00   0.2478776126694918E-14   0.8843624480215265E-14  -0.1250000000040341E+00  -0.1250000000040341E+00   0.1043925992372133E-13   0.1225000000000000E-02   0.2930000000000001E+03   0.1502280587500000E+08
   0.2368870236790418E+01   0.0000000000000000E+00   0.2028861337505921E-14   0.7529680329889468E-14  -0.1250000000040341E+00  -0.1250000000040341E+00  -0.6603386210628517E-14   0.1225000000000000E-02   0.2930000000000000E+03   0.1502280587500000E+08
   0.2693629763209582E+01   0.0000000000000000E+00   0.1314728724513327E-14   0.6299315578333348E-14  -0.1250000000040341E+00  -0.1250000000040341E+00   0.6732339148741075E-14   0.1225000000000000E-02   0.2930000000000000E+03   0.1502280587500000E+08
   0.2931370236790418E+01   0.0000000000000000E+00   0.1484404861713220E-14   0.4739609356991037E-14  -0.1250000000040341E+00  -0.1250000000040341E+00  -0.9386174208619780E-15   0.1225000000000000E-02   0.2930000000000000E+03   0.1502280587500000E+08
   0.3256129763209582E+01   0.0000000000000000E+00   0.1436434580100910E-14   0.3300042709449186E-14  -0.1250000000040341E+00  -0.1250000000040341E+00   0.2511599623597067E-14   0.1225000000000000E-02   0.2930000000000001E+03   0.1502280587500000E+08
   0.3493870236790418E+01   0.0000000000000000E+00   0.1872423797692354E-14   0.1679729780497147E-14  -0.1250000000040341E+00  -0.1250000000040341E+00   0.8613416160298046E-15   0.1225000000000000E-02   0.2930000000000000E+03   0.1502280587500000E+08
   0.3818629763209582E+01   0.0000000000000000E+00   0.2403773767494929E-14   0.7069342497945085E-15  -0.1250000000040341E+00  -0.1250000000040341E+00  -0.1666714982745757E-14   0.1225000000000000E-02   0.2930000000000000E+03   0.1502280587500000E+08
   0.4056370236790418E+01   0.0000000000000000E+00   0.3038002182208254E-14   0.2507695424670066E-16  -0.1250000000040341E+00  -0.1250000000040341E+00  -0.3067181835312312E-14   0.1225000000000000E-02   0.2929999999999998E+03   0.1502280587499999E+08
   0.4381129763209582E+01   0.0000000000000000E+00   0.2600093456643416E-14   0.1971350516247204E-14  -0.1250000000040341E+00  -0.1250000000040341E+00  -0.2198022862537372E-13   0.1225000000000000E-02   0.2930000000000000E+03   0.1502280587500000E+08
   0.4618870236790418E+01   0.0000000000000000E+00   0.1488413422442134E-15   0.2131215761460869E-14  -0.1250000000040341E+00  -0.1250000000040341E+00  -0.1962048208554283E-13   0.1225000000000000E-02   0.2930000000000000E+03   0.1502280587500000E+08
   0.4943629763209582E+01   0.0000000000000000E+00  -0.1365069636181777E-14  -0.1177530755295532E-14  -0.1250000000040341E+00  -0.1250000000040341E+00   0.4053816358688909E-14   0.1225000000000000E-02   0.2930000000000000E+03   0.1502280587500000E+08
   0.5181370236790418E+01   0.0000000000000000E+00  -0.1013755425312191E-14  -0.2380592098659803E-14  -0.1250000000040341E+00  -0.1250000000040341E+00  -0.2674825047080905E-14   0.1225000000000000E-02   0.2930000000000001E+03   0.1502280587500000E+08
   0.5506129763209582E+01   0.0000000000000000E+00  -0.9578206466737196E-15  -0.3001759977029675E-14  -0.1250000000040341E+00  -0.1250000000040341E+00   0.2326270984005794E-14   0.1225000000000000E-02   0.2930000000000000E+03   0.1502280587500000E+08
   0.5743870236790418E+01   0.0000000000000000E+00  -0.7787339165588852E-15  -0.3297492096942348E-14  -0.1250000000040341E+00  -0.1250000000040341E+00  -0.3230027422625859E-15   0.1225000000000000E-02   0.2930000000000000E+03   0.1502280587500000E+08
   0.6068629763209582E+01   0.0000000000000000E+00  -0.6615923809221834E-15  -0.3558746131066624E-14  -0.1250000000040341E+00  -0.1250000000040341E+00   0.1804218028727969E-14   0.1225000000000000E-02   0.2930000000000000E+03   0.1502280587500000E+08
   0.6306370236790418E+01   0.0000000000000000E+00  -0.5208124297089903E-15  -0.3742221111837073E-14  -0.1250000000040341E+00  -0.1250000000040341E+00   0.2334470102274850E-15   0.1225000000000000E-02   0.2930000000000000E+03   0.1502280587500000E+08
   0.6631129763209582E+01   0.0000000000000000E+00  -0.4126932368868488E-15  -0.3863201000813060E-14  -0.1250000000040341E+00  -0.1250000000040341E+00   0.9747174397058760E-15   0.1225000000000000E-02   0.2930000000000001E+03   0.1502280587500000E+08
   0.6868870236790418E+01   0.0000000000000000E+00  -0.3114249784429589E-15  -0.3944718152730993E-14  -0.1250000000040341E+00  -0.1250000000040341E+00   0.1195105192573910E-15   0.1225000000000000E-02   0.2930000000000000E+03   0.1502280587500000E+08
   0.7193629763209582E+01   0.0000000000000000E+00  -0.2367303431422397E-15  -0.4041452574014317E-14  -0.1250000000040341E+00  -0.1250000000040341E+00   0.1360846898724854E-16   0.1225000000000000E-02   0.2930000000000000E+03   0.1502280587500000E+08
   0.7431370236790418E+01   0.0000000000000000E+00  -0.1858963122677636E-15  -0.4092412385492232E-14  -0.1250000000040341E+00  -0.1250000000040341E+00  -0.4139767943681005E-15   0.1225000000000000E-02   0.2930000000000000E+03   0.1502280587500000E+08
   0.7756129763209582E+01   0.0000000000000000E+00  -0.9900026202817465E-16  -0.4173204756446412E-14  -0.1250000000040341E+00  -0.1250000000040341E+00  -0.9841812409130005E-16   0.1225000000000000E-02   0.2930000000000000E+03   0.1502280587500000E+08
   0.7993870236790418E+01   0.0000000000000000E+00   0.3037080044492383E-17  -0.4214383137678663E-14  -0.1250000000040341E+00  -0.1250000000040341E+00  -0.8510222055598626E-16   0.1225000000000000E-02   0.2930000000000001E+03   0.1502280587500000E+08
   0.8318629763209582E+01   0.0000000000000000E+00   0.5016934686821044E-16  -0.4431211749433209E-14  -0.1250000000040341E+00  -0.1250000000040341E+00  -0.1134151720575109E-14   0.1225000000000000E-02   0.2930000000000001E+03   0.1502280587500000E+08
   0.8556370236790418E+01   0.0000000000000000E+00   0.8058877863081689E-16  -0.4778218250688261E-14  -0.1250000000040341E+00  -0.1250000000040341E+00  -0.1348889053173709E-14   0.1225000000000000E-02   0.2930000000000000E+03   0.1502280587500000E+08
   0.8881129763209582E+01   0.0000000000000000E+00   0.6534944060114467E-16  -0.5482513648320952E-14  -0.1250000000040341E+00  -0.1250000000040341E+00  -0.7000074233291692E-14   0.1225000000000000E-02   0.2930000000000000E+03   0.1502280587500000E+08
   0.9118870236790418E+01   0.0000000000000000E+00   0.5478565324514113E-17  -0.4596261098574792E-15  -0.1250000000040341E+00  -0.1250000000040341E+00  -0.7000074233291692E-14   0.1225000000000000E-02   0.2930000000000000E+03   0.1502280587500000E+08
