 "CLSVOF data"
 VARIABLES="X","Y","U","V","PMG","PEOS","DIV","D","T","KE"
 zone i=          33  SOLUTIONTIME=   0.0000000000000000       STRANDID=           6
  -0.1188702367904177E+00   0.0000000000000000E+00   0.0000000000000000E+00   0.0000000000000000E+00   0.0000000000000000E+00   0.0000000000000000E+00   0.0000000000000000E+00   0.1000000000000000E+01   0.2930000000000000E+03   0.1226351500000000E+11
   0.1188702367904177E+00   0.0000000000000000E+00   0.0000000000000000E+00   0.0000000000000000E+00   0.0000000000000000E+00   0.0000000000000000E+00   0.0000000000000000E+00   0.1000000000000000E+01   0.2930000000000000E+03   0.1226351500000000E+11
   0.4436297632095823E+00   0.0000000000000000E+00   0.0000000000000000E+00   0.0000000000000000E+00   0.0000000000000000E+00   0.0000000000000000E+00   0.0000000000000000E+00   0.1000000000000000E+01   0.2930000000000000E+03   0.1226351500000000E+11
   0.6813702367904177E+00   0.0000000000000000E+00   0.0000000000000000E+00   0.0000000000000000E+00   0.0000000000000000E+00   0.0000000000000000E+00   0.0000000000000000E+00   0.1000000000000000E+01   0.2930000000000000E+03   0.1226351500000000E+11
   0.1006129763209582E+01   0.0000000000000000E+00   0.0000000000000000E+00   0.0000000000000000E+00   0.0000000000000000E+00   0.0000000000000000E+00   0.0000000000000000E+00   0.9227444848901316E+00   0.2930000000000001E+03   0.1131609083161740E+11
   0.1243870236790418E+01   0.0000000000000000E+00   0.0000000000000000E+00   0.0000000000000000E+00   0.0000000000000000E+00   0.0000000000000000E+00   0.0000000000000000E+00   0.7848051510986843E-01   0.2930000000000000E+03   0.9624469742575984E+09
   0.1568629763209582E+01   0.0000000000000000E+00   0.0000000000000000E+00   0.0000000000000000E+00   0.0000000000000000E+00   0.0000000000000000E+00   0.0000000000000000E+00   0.1225000000000000E-02   0.2930000000000000E+03   0.1502280587500000E+08
   0.1806370236790418E+01   0.0000000000000000E+00   0.0000000000000000E+00   0.0000000000000000E+00   0.0000000000000000E+00   0.0000000000000000E+00   0.0000000000000000E+00   0.1225000000000000E-02   0.2930000000000000E+03   0.1502280587500000E+08
   0.2131129763209582E+01   0.0000000000000000E+00   0.0000000000000000E+00   0.0000000000000000E+00   0.0000000000000000E+00   0.0000000000000000E+00   0.0000000000000000E+00   0.1225000000000000E-02   0.2930000000000000E+03   0.1502280587500000E+08
   0.2368870236790418E+01   0.0000000000000000E+00   0.0000000000000000E+00   0.0000000000000000E+00   0.0000000000000000E+00   0.0000000000000000E+00   0.0000000000000000E+00   0.1225000000000000E-02   0.2930000000000000E+03   0.1502280587500000E+08
   0.2693629763209582E+01   0.0000000000000000E+00   0.0000000000000000E+00   0.0000000000000000E+00   0.0000000000000000E+00   0.0000000000000000E+00   0.0000000000000000E+00   0.1225000000000000E-02   0.2930000000000000E+03   0.1502280587500000E+08
   0.2931370236790418E+01   0.0000000000000000E+00   0.0000000000000000E+00   0.0000000000000000E+00   0.0000000000000000E+00   0.0000000000000000E+00   0.0000000000000000E+00   0.1225000000000000E-02   0.2930000000000000E+03   0.1502280587500000E+08
   0.3256129763209582E+01   0.0000000000000000E+00   0.0000000000000000E+00   0.0000000000000000E+00   0.0000000000000000E+00   0.0000000000000000E+00   0.0000000000000000E+00   0.1225000000000000E-02   0.2930000000000000E+03   0.1502280587500000E+08
   0.3493870236790418E+01   0.0000000000000000E+00   0.0000000000000000E+00   0.0000000000000000E+00   0.0000000000000000E+00   0.0000000000000000E+00   0.0000000000000000E+00   0.1225000000000000E-02   0.2930000000000000E+03   0.1502280587500000E+08
   0.3818629763209582E+01   0.0000000000000000E+00   0.0000000000000000E+00   0.0000000000000000E+00   0.0000000000000000E+00   0.0000000000000000E+00   0.0000000000000000E+00   0.1225000000000000E-02   0.2930000000000000E+03   0.1502280587500000E+08
   0.4056370236790418E+01   0.0000000000000000E+00   0.0000000000000000E+00   0.0000000000000000E+00   0.0000000000000000E+00   0.0000000000000000E+00   0.0000000000000000E+00   0.1225000000000000E-02   0.2930000000000000E+03   0.1502280587500000E+08
   0.4381129763209582E+01   0.0000000000000000E+00   0.0000000000000000E+00   0.0000000000000000E+00   0.0000000000000000E+00   0.0000000000000000E+00   0.0000000000000000E+00   0.1225000000000000E-02   0.2930000000000000E+03   0.1502280587500000E+08
   0.4618870236790418E+01   0.0000000000000000E+00   0.0000000000000000E+00   0.0000000000000000E+00   0.0000000000000000E+00   0.0000000000000000E+00   0.0000000000000000E+00   0.1225000000000000E-02   0.2930000000000000E+03   0.1502280587500000E+08
   0.4943629763209582E+01   0.0000000000000000E+00   0.0000000000000000E+00   0.0000000000000000E+00   0.0000000000000000E+00   0.0000000000000000E+00   0.0000000000000000E+00   0.1225000000000000E-02   0.2930000000000000E+03   0.1502280587500000E+08
   0.5181370236790418E+01   0.0000000000000000E+00   0.0000000000000000E+00   0.0000000000000000E+00   0.0000000000000000E+00   0.0000000000000000E+00   0.0000000000000000E+00   0.1225000000000000E-02   0.2930000000000000E+03   0.1502280587500000E+08
   0.5506129763209582E+01   0.0000000000000000E+00   0.0000000000000000E+00   0.0000000000000000E+00   0.0000000000000000E+00   0.0000000000000000E+00   0.0000000000000000E+00   0.1225000000000000E-02   0.2930000000000000E+03   0.1502280587500000E+08
   0.5743870236790418E+01   0.0000000000000000E+00   0.0000000000000000E+00   0.0000000000000000E+00   0.0000000000000000E+00   0.0000000000000000E+00   0.0000000000000000E+00   0.1225000000000000E-02   0.2930000000000000E+03   0.1502280587500000E+08
   0.6068629763209582E+01   0.0000000000000000E+00   0.0000000000000000E+00   0.0000000000000000E+00   0.0000000000000000E+00   0.0000000000000000E+00   0.0000000000000000E+00   0.1225000000000000E-02   0.2930000000000000E+03   0.1502280587500000E+08
   0.6306370236790418E+01   0.0000000000000000E+00   0.0000000000000000E+00   0.0000000000000000E+00   0.0000000000000000E+00   0.0000000000000000E+00   0.0000000000000000E+00   0.1225000000000000E-02   0.2930000000000000E+03   0.1502280587500000E+08
   0.6631129763209582E+01   0.0000000000000000E+00   0.0000000000000000E+00   0.0000000000000000E+00   0.0000000000000000E+00   0.0000000000000000E+00   0.0000000000000000E+00   0.1225000000000000E-02   0.2930000000000000E+03   0.1502280587500000E+08
   0.6868870236790418E+01   0.0000000000000000E+00   0.0000000000000000E+00   0.0000000000000000E+00   0.0000000000000000E+00   0.0000000000000000E+00   0.0000000000000000E+00   0.1225000000000000E-02   0.2930000000000000E+03   0.1502280587500000E+08
   0.7193629763209582E+01   0.0000000000000000E+00   0.0000000000000000E+00   0.0000000000000000E+00   0.0000000000000000E+00   0.0000000000000000E+00   0.0000000000000000E+00   0.1225000000000000E-02   0.2930000000000000E+03   0.1502280587500000E+08
   0.7431370236790418E+01   0.0000000000000000E+00   0.0000000000000000E+00   0.0000000000000000E+00   0.0000000000000000E+00   0.0000000000000000E+00   0.0000000000000000E+00   0.1225000000000000E-02   0.2930000000000000E+03   0.1502280587500000E+08
   0.7756129763209582E+01   0.0000000000000000E+00   0.0000000000000000E+00   0.0000000000000000E+00   0.0000000000000000E+00   0.0000000000000000E+00   0.0000000000000000E+00   0.1225000000000000E-02   0.2930000000000000E+03   0.1502280587500000E+08
   0.7993870236790418E+01   0.0000000000000000E+00   0.0000000000000000E+00   0.0000000000000000E+00   0.0000000000000000E+00   0.0000000000000000E+00   0.0000000000000000E+00   0.1225000000000000E-02   0.2930000000000000E+03   0.1502280587500000E+08
   0.8318629763209582E+01   0.0000000000000000E+00   0.0000000000000000E+00   0.0000000000000000E+00   0.0000000000000000E+00   0.0000000000000000E+00   0.0000000000000000E+00   0.1225000000000000E-02   0.2930000000000000E+03   0.1502280587500000E+08
   0.8556370236790418E+01   0.0000000000000000E+00   0.0000000000000000E+00   0.0000000000000000E+00   0.0000000000000000E+00   0.0000000000000000E+00   0.0000000000000000E+00   0.1225000000000000E-02   0.2930000000000000E+03   0.1502280587500000E+08
   0.8881129763209582E+01   0.0000000000000000E+00   0.0000000000000000E+00   0.0000000000000000E+00   0.0000000000000000E+00   0.0000000000000000E+00   0.0000000000000000E+00   0.1225000000000000E-02   0.2930000000000000E+03   0.1502280587500000E+08
   0.9118870236790418E+01   0.0000000000000000E+00   0.0000000000000000E+00   0.0000000000000000E+00   0.0000000000000000E+00   0.0000000000000000E+00   0.0000000000000000E+00   0.1225000000000000E-02   0.2930000000000000E+03   0.1502280587500000E+08
