# time  amplitude  mean_radius
  0.0000000000000000E+00  0.0000000000000000E+00  1.0000000000000000E+00
  6.5891770020000004E-02  0.0000000000000000E+00  1.0000000000000000E+00
  1.3178354004000001E-01  0.0000000000000000E+00  1.0000000000000000E+00
  1.9767531006000000E-01  0.0000000000000000E+00  1.0000000000000000E+00
  2.6356708008000007E-01  0.0000000000000000E+00  1.0000000000000000E+00
  3.2945885010000048E-01  0.0000000000000000E+00  1.0000000000000000E+00
  3.9535062012000088E-01  0.0000000000000000E+00  1.0000000000000000E+00
  4.6124239014000129E-01  0.0000000000000000E+00  1.0000000000000000E+00
  5.2713416016000136E-01  0.0000000000000000E+00  1.0000000000000000E+00
  5.9302593018000094E-01  0.0000000000000000E+00  1.0000000000000000E+00
  6.5891770020000051E-01  0.0000000000000000E+00  1.0000000000000000E+00
  7.2480947022000008E-01  0.0000000000000000E+00  1.0000000000000000E+00
  7.9070124023999966E-01  0.0000000000000000E+00  1.0000000000000000E+00
  8.5659301025999923E-01  0.0000000000000000E+00  1.0000000000000000E+00
  9.2248478027999881E-01  0.0000000000000000E+00  1.0000000000000000E+00
  9.8837655029999838E-01  0.0000000000000000E+00  1.0000000000000000E+00
  1.0542683203199994E+00  0.0000000000000000E+00  1.0000000000000000E+00
  1.1201600903400006E+00  0.0000000000000000E+00  1.0000000000000000E+00
  1.1860518603600019E+00  0.0000000000000000E+00  1.0000000000000000E+00
  1.2519436303800031E+00  0.0000000000000000E+00  1.0000000000000000E+00
  1.3178354004000044E+00  0.0000000000000000E+00  1.0000000000000000E+00
  1.3837271704200056E+00  0.0000000000000000E+00  1.0000000000000000E+00
  1.4496189404400068E+00  0.0000000000000000E+00  1.0000000000000000E+00
  1.5155107104600081E+00  0.0000000000000000E+00  1.0000000000000000E+00
  1.5814024804800093E+00  0.0000000000000000E+00  1.0000000000000000E+00
  1.6472942505000105E+00  0.0000000000000000E+00  1.0000000000000000E+00
  1.7131860205200118E+00  0.0000000000000000E+00  1.0000000000000000E+00
  1.7790777905400130E+00  0.0000000000000000E+00  1.0000000000000000E+00
  1.8449695605600143E+00  0.0000000000000000E+00  1.0000000000000000E+00
  1.9108613305800155E+00  0.0000000000000000E+00  1.0000000000000000E+00
  1.9767531006000167E+00  0.0000000000000000E+00  1.0000000000000000E+00
  2.0426448706200180E+00  0.0000000000000000E+00  1.0000000000000000E+00
  2.1085366406400192E+00  0.0000000000000000E+00  1.0000000000000000E+00
  2.1744284106600205E+00  0.0000000000000000E+00  1.0000000000000000E+00
  2.2403201806800217E+00  0.0000000000000000E+00  1.0000000000000000E+00
  2.3062119507000229E+00  0.0000000000000000E+00  1.0000000000000000E+00
  2.3721037207200242E+00  0.0000000000000000E+00  1.0000000000000000E+00
  2.4379954907400254E+00  0.0000000000000000E+00  1.0000000000000000E+00
  2.5038872607600267E+00  0.0000000000000000E+00  1.0000000000000000E+00
  2.5697790307800279E+00  0.0000000000000000E+00  1.0000000000000000E+00
  2.6356708008000291E+00  0.0000000000000000E+00  1.0000000000000000E+00
  2.7015625708200304E+00  0.0000000000000000E+00  1.0000000000000000E+00
  2.7674543408400316E+00  0.0000000000000000E+00  1.0000000000000000E+00
  2.8333461108600329E+00  0.0000000000000000E+00  1.0000000000000000E+00
  2.8992378808800341E+00  0.0000000000000000E+00  1.0000000000000000E+00
  2.9651296509000353E+00  0.0000000000000000E+00  1.0000000000000000E+00
  3.0310214209200366E+00  0.0000000000000000E+00  1.0000000000000000E+00
  3.0969131909400378E+00  0.0000000000000000E+00  1.0000000000000000E+00
  3.1628049609600390E+00  0.0000000000000000E+00  1.0000000000000000E+00
  3.2286967309800403E+00  0.0000000000000000E+00  1.0000000000000000E+00
  3.2945885010000415E+00  0.0000000000000000E+00  1.0000000000000000E+00
  3.3604802710200428E+00  0.0000000000000000E+00  1.0000000000000000E+00
  3.4263720410400440E+00  0.0000000000000000E+00  1.0000000000000000E+00
  3.4922638110600452E+00  0.0000000000000000E+00  1.0000000000000000E+00
  3.5581555810800465E+00  0.0000000000000000E+00  1.0000000000000000E+00
  3.6240473511000477E+00  0.0000000000000000E+00  1.0000000000000000E+00
  3.6899391211200490E+00  0.0000000000000000E+00  1.0000000000000000E+00
  3.7558308911400502E+00  0.0000000000000000E+00  1.0000000000000000E+00
  3.8217226611600514E+00  0.0000000000000000E+00  1.0000000000000000E+00
  3.8876144311800527E+00  0.0000000000000000E+00  1.0000000000000000E+00
  3.9535062012000539E+00  0.0000000000000000E+00  1.0000000000000000E+00
  4.0193979712200552E+00  0.0000000000000000E+00  1.0000000000000000E+00
  4.0852897412400564E+00  0.0000000000000000E+00  1.0000000000000000E+00
  4.1511815112600576E+00  0.0000000000000000E+00  1.0000000000000000E+00
  4.2170732812800589E+00  0.0000000000000000E+00  1.0000000000000000E+00
  4.2829650513000601E+00  0.0000000000000000E+00  1.0000000000000000E+00
  4.3488568213200613E+00  0.0000000000000000E+00  1.0000000000000000E+00
  4.4147485913400626E+00  0.0000000000000000E+00  1.0000000000000000E+00
  4.4806403613600638E+00  0.0000000000000000E+00  1.0000000000000000E+00
  4.5465321313800651E+00  0.0000000000000000E+00  1.0000000000000000E+00
  4.6124239014000663E+00  0.0000000000000000E+00  1.0000000000000000E+00
  4.6783156714200675E+00  0.0000000000000000E+00  1.0000000000000000E+00
  4.7442074414400688E+00  0.0000000000000000E+00  1.0000000000000000E+00
  4.8100992114600700E+00  0.0000000000000000E+00  1.0000000000000000E+00
  4.8759909814800713E+00  0.0000000000000000E+00  1.0000000000000000E+00
  4.9418827515000725E+00  0.0000000000000000E+00  1.0000000000000000E+00
  5.0077745215200737E+00  0.0000000000000000E+00  1.0000000000000000E+00
  5.0736662915400750E+00  0.0000000000000000E+00  1.0000000000000000E+00
  5.1395580615600762E+00  0.0000000000000000E+00  1.0000000000000000E+00
  5.2054498315800775E+00  0.0000000000000000E+00  1.0000000000000000E+00
  5.2713416016000787E+00  0.0000000000000000E+00  1.0000000000000000E+00
  5.3372333716200799E+00  0.0000000000000000E+00  1.0000000000000000E+00
  5.4031251416400812E+00  0.0000000000000000E+00  1.0000000000000000E+00
  5.4690169116600824E+00  0.0000000000000000E+00  1.0000000000000000E+00
  5.5349086816800837E+00  0.0000000000000000E+00  1.0000000000000000E+00
  5.6008004517000849E+00  0.0000000000000000E+00  1.0000000000000000E+00
  5.6666922217200861E+00  0.0000000000000000E+00  1.0000000000000000E+00
  5.7325839917400874E+00  0.0000000000000000E+00  1.0000000000000000E+00
  5.7984757617600886E+00  0.0000000000000000E+00  1.0000000000000000E+00
  5.8643675317800898E+00  0.0000000000000000E+00  1.0000000000000000E+00
  5.9302593018000911E+00  0.0000000000000000E+00  1.0000000000000000E+00
  5.9961510718200923E+00  0.0000000000000000E+00  1.0000000000000000E+00
  6.0620428418400936E+00  0.0000000000000000E+00  1.0000000000000000E+00
  6.1279346118600948E+00  0.0000000000000000E+00  1.0000000000000000E+00
  6.1938263818800960E+00  0.0000000000000000E+00  1.0000000000000000E+00
  6.2597181519000973E+00  0.0000000000000000E+00  1.0000000000000000E+00
  6.3256099219200985E+00  0.0000000000000000E+00  1.0000000000000000E+00
  6.3915016919400998E+00  0.0000000000000000E+00  1.0000000000000000E+00
  6.4573934619601010E+00  0.0000000000000000E+00  1.0000000000000000E+00
  6.5232852319801022E+00  0.0000000000000000E+00  1.0000000000000000E+00
  6.5891770020001035E+00  0.0000000000000000E+00  1.0000000000000000E+00
  6.6550687720201047E+00  0.0000000000000000E+00  1.0000000000000000E+00
  6.7209605420401060E+00  0.0000000000000000E+00  1.0000000000000000E+00
  6.7868523120601072E+00  0.0000000000000000E+00  1.0000000000000000E+00
  6.8527440820801084E+00  0.0000000000000000E+00  1.0000000000000000E+00
  6.9186358521001097E+00  0.0000000000000000E+00  1.0000000000000000E+00
  6.9845276221201109E+00  0.0000000000000000E+00  1.0000000000000000E+00
  7.0504193921401122E+00  0.0000000000000000E+00  1.0000000000000000E+00
  7.1163111621601134E+00  0.0000000000000000E+00  1.0000000000000000E+00
  7.1822029321801146E+00  0.0000000000000000E+00  1.0000000000000000E+00
  7.2480947022001159E+00  0.0000000000000000E+00  1.0000000000000000E+00
  7.3139864722201171E+00  0.0000000000000000E+00  1.0000000000000000E+00
  7.3798782422401183E+00  0.0000000000000000E+00  1.0000000000000000E+00
  7.4457700122601196E+00  0.0000000000000000E+00  1.0000000000000000E+00
  7.5116617822801208E+00  0.0000000000000000E+00  1.0000000000000000E+00
  7.5775535523001221E+00  0.0000000000000000E+00  1.0000000000000000E+00
  7.6434453223201233E+00  0.0000000000000000E+00  1.0000000000000000E+00
  7.7093370923401245E+00  0.0000000000000000E+00  1.0000000000000000E+00
  7.7752288623601258E+00  0.0000000000000000E+00  1.0000000000000000E+00
  7.8411206323801270E+00  0.0000000000000000E+00  1.0000000000000000E+00
  7.9070124024001283E+00  0.0000000000000000E+00  1.0000000000000000E+00
  7.9729041724201295E+00  0.0000000000000000E+00  1.0000000000000000E+00
  8.0387959424401227E+00  0.0000000000000000E+00  1.0000000000000000E+00
  8.1046877124601107E+00  0.0000000000000000E+00  1.0000000000000000E+00
  8.1705794824800986E+00  0.0000000000000000E+00  1.0000000000000000E+00
  8.2364712525000865E+00  0.0000000000000000E+00  1.0000000000000000E+00
  8.3023630225200744E+00  0.0000000000000000E+00  1.0000000000000000E+00
  8.3682547925400623E+00  0.0000000000000000E+00  1.0000000000000000E+00
  8.4341465625600502E+00  0.0000000000000000E+00  1.0000000000000000E+00
  8.5000383325800382E+00  0.0000000000000000E+00  1.0000000000000000E+00
  8.5659301026000261E+00  0.0000000000000000E+00  1.0000000000000000E+00
  8.6318218726200140E+00  0.0000000000000000E+00  1.0000000000000000E+00
  8.6977136426400019E+00  0.0000000000000000E+00  1.0000000000000000E+00
  8.7636054126599898E+00  0.0000000000000000E+00  1.0000000000000000E+00
  8.8294971826799777E+00  0.0000000000000000E+00  1.0000000000000000E+00
  8.8953889526999657E+00  0.0000000000000000E+00  1.0000000000000000E+00
  8.9612807227199536E+00  0.0000000000000000E+00  1.0000000000000000E+00
  9.0271724927399415E+00  0.0000000000000000E+00  1.0000000000000000E+00
  9.0930642627599294E+00  0.0000000000000000E+00  1.0000000000000000E+00
  9.1589560327799173E+00  0.0000000000000000E+00  1.0000000000000000E+00
  9.2248478027999052E+00  0.0000000000000000E+00  1.0000000000000000E+00
  9.2907395728198932E+00  0.0000000000000000E+00  1.0000000000000000E+00
  9.3566313428398811E+00  0.0000000000000000E+00  1.0000000000000000E+00
  9.4225231128598690E+00  0.0000000000000000E+00  1.0000000000000000E+00
  9.4884148828798569E+00  0.0000000000000000E+00  1.0000000000000000E+00
  9.5543066528998448E+00  0.0000000000000000E+00  1.0000000000000000E+00
  9.6201984229198327E+00  0.0000000000000000E+00  1.0000000000000000E+00
  9.6860901929398207E+00  0.0000000000000000E+00  1.0000000000000000E+00
  9.7519819629598086E+00  0.0000000000000000E+00  1.0000000000000000E+00
  9.8178737329797965E+00  0.0000000000000000E+00  1.0000000000000000E+00
  9.8837655029997844E+00  0.0000000000000000E+00  1.0000000000000000E+00
  9.9496572730197723E+00  0.0000000000000000E+00  1.0000000000000000E+00
  1.0015549043039760E+01  0.0000000000000000E+00  1.0000000000000000E+00
  1.0081440813059748E+01  0.0000000000000000E+00  1.0000000000000000E+00
  1.0147332583079736E+01  0.0000000000000000E+00  1.0000000000000000E+00
  1.0213224353099724E+01  0.0000000000000000E+00  1.0000000000000000E+00
  1.0279116123119712E+01  0.0000000000000000E+00  1.0000000000000000E+00
  1.0345007893139700E+01  0.0000000000000000E+00  1.0000000000000000E+00
  1.0410899663159688E+01  0.0000000000000000E+00  1.0000000000000000E+00
  1.0476791433179676E+01  0.0000000000000000E+00  1.0000000000000000E+00
  1.0542683203199664E+01  0.0000000000000000E+00  1.0000000000000000E+00
  1.0608574974392784E+01  0.0000000000000000E+00  1.0000000000000000E+00
  1.0608574974392800E+01  0.0000000000000000E+00  1.0000000000000000E+00
