# time  amplitude  mean_radius
  0.0000000000000000E+00  1.9997657089673358E-02  1.0000000000122533E+00
  7.4548027871999947E-02  2.0004063342465031E-02  9.9999992996826159E-01
  1.4909605574399984E-01  2.0023536920305857E-02  9.9999971661781140E-01
  2.2364408361599972E-01  2.0056058591621920E-02  9.9999935967785958E-01
  2.9819211148799962E-01  2.0101618491510861E-02  9.9999885872448369E-01
  3.7274013935999950E-01  2.0160215772647178E-02  9.9999821314043791E-01
  4.4728816723199938E-01  2.0231858459743273E-02  9.9999742208159625E-01
  5.2183619510399926E-01  2.0316563361640165E-02  9.9999648445567990E-01
  5.9638422297599913E-01  2.0414356012620663E-02  9.9999539890622202E-01
  6.7093225084799901E-01  2.0525270632462400E-02  9.9999416379844697E-01
  7.4548027871999889E-01  2.0649350100224326E-02  9.9999277720574753E-01
  8.2002830659199877E-01  2.0786645939020503E-02  9.9999123689635028E-01
  8.9457633446399865E-01  2.0937218310185871E-02  9.9998954031970144E-01
  9.6912436233599852E-01  2.1101136015843944E-02  9.9998768459251663E-01
  1.0436723902080016E+00  2.1278476504999741E-02  9.9998566648366982E-01
  1.1182204180800068E+00  2.1469325891391670E-02  9.9998348239932655E-01
  1.1927684459520120E+00  2.1673778990900450E-02  9.9998112836025621E-01
  1.2673164738240172E+00  2.1891939343314178E-02  9.9997860003060901E-01
  1.3418645016960224E+00  2.2123919250596744E-02  9.9997589264062625E-01
  1.4164125295680277E+00  2.2370032787289686E-02  9.9997742356235542E-01
  1.4909605574400329E+00  2.2630029878557837E-02  9.9997447130801631E-01
  1.5655085853120381E+00  2.2904236949049910E-02  9.9997132522572452E-01
  1.6400566131840433E+00  2.3192801856287089E-02  9.9996797828501416E-01
  1.7146046410560485E+00  2.3495881504271239E-02  9.9996442295378529E-01
  1.7891526689280537E+00  2.3813641922699899E-02  9.9996065118826882E-01
  1.8637006968000589E+00  2.4146258352331137E-02  9.9995665440828096E-01
  1.9382487246720641E+00  2.4493915335601756E-02  9.9995242347181190E-01
  2.0127967525440691E+00  2.4856806817708535E-02  9.9994794864750469E-01
  2.0873447804160743E+00  2.5235136250165244E-02  9.9994321958841881E-01
  2.1618928082880795E+00  2.5629116701947140E-02  9.9993822530188714E-01
  2.2364408361600847E+00  2.6038970977827598E-02  9.9993295412086369E-01
  2.3109888640320899E+00  2.6464931745842763E-02  9.9992739367408900E-01
  2.3855368919040951E+00  2.6907241673084253E-02  9.9992153084826740E-01
  2.4600849197761003E+00  2.7366153536485888E-02  9.9991535176678648E-01
  2.5346329476481055E+00  2.7841930381892539E-02  9.9990884172957750E-01
  2.6091809755201107E+00  2.8334845650756543E-02  9.9990198520378248E-01
  2.6837290033921160E+00  2.8845183289073335E-02  9.9989476580333048E-01
  2.7582770312641212E+00  2.9373237811697452E-02  9.9988716620557661E-01
  2.8328250591361264E+00  2.9919314173961615E-02  9.9987916809855526E-01
  2.9073730870081316E+00  3.0483726713713539E-02  9.9987075216819354E-01
  2.9819211148801368E+00  3.1066805263417485E-02  9.9986189798046277E-01
  3.0564691427521420E+00  3.1668942905963386E-02  9.9985258306116220E-01
  3.1310171706241472E+00  3.2290490443952831E-02  9.9984278466845977E-01
  3.2055651984961524E+00  3.2931779037001965E-02  9.9983247925951679E-01
  3.2801132263681576E+00  3.3593167135346207E-02  9.9982164190950606E-01
  3.3546612542401628E+00  3.4275038044449639E-02  9.9981024629960302E-01
  3.4292092821121680E+00  3.4977791040266097E-02  9.9979826133667793E-01
  3.5037573099841732E+00  3.5701843294614406E-02  9.9978567534640939E-01
  3.5783053378561784E+00  3.6447620359272931E-02  9.9977244754347738E-01
  3.6528533657281836E+00  3.7215559476471510E-02  9.9975852168555712E-01
  3.7274013936001889E+00  3.8006111815621198E-02  9.9974387436731427E-01
  3.8019494214721941E+00  3.8819748019918200E-02  9.9972846869449095E-01
  3.8764974493441993E+00  3.9656943753958826E-02  9.9971225604727421E-01
  3.9510454772162045E+00  4.0518370402577601E-02  9.9969121536915295E-01
  4.0255935050882021E+00  4.1404200101832031E-02  9.9967311277300874E-01
  4.1001415329601860E+00  4.2315120397076751E-02  9.9965408814029921E-01
  4.1746895608321699E+00  4.3251686702532224E-02  9.9963409545101967E-01
  4.2492375887041538E+00  4.4214428513956655E-02  9.9961308696765405E-01
  4.3237856165761377E+00  4.5203933290351335E-02  9.9959101118763727E-01
  4.3983336444481216E+00  4.6220752946055016E-02  9.9956781626745839E-01
  4.4728816723201055E+00  4.7265527085893960E-02  9.9954344581018695E-01
  4.5474297001920894E+00  4.8338843590506504E-02  9.9951784226932050E-01
  4.6219777280640733E+00  4.9441383499330895E-02  9.9949094447104136E-01
  4.6965257559360571E+00  5.0573782822632245E-02  9.9946268853237941E-01
  4.7710737838080410E+00  5.1736729846441787E-02  9.9943300834197246E-01
  4.8456218116800249E+00  5.2930952425107564E-02  9.9940183258370341E-01
  4.9201698395520088E+00  5.4157119076277870E-02  9.9936908253701240E-01
  4.9947178674239927E+00  5.5416033774549400E-02  9.9933467630344630E-01
  5.0692658952959766E+00  5.6708423098623860E-02  9.9929853092646326E-01
  5.1438139231679605E+00  5.8035045886910046E-02  9.9926056084044035E-01
  5.2183619510399444E+00  5.9396779730795504E-02  9.9922067154589556E-01
  5.2929099789119283E+00  6.0809608220718028E-02  9.9917115107880605E-01
  5.3674580067839122E+00  6.2220686151017418E-02  9.9913877723271227E-01
  5.4420060346558961E+00  6.3704023759356659E-02  9.9909644769486528E-01
  5.5165540625278799E+00  6.5214481371107857E-02  9.9904077149316928E-01
  5.5911020903998638E+00  6.6765781605079857E-02  9.9898876461702180E-01
  5.6656501182718477E+00  6.8352022366840376E-02  9.9893561548694398E-01
  5.7401981461438316E+00  6.9978831187674437E-02  9.9887750448642898E-01
  5.8147461740158155E+00  7.1651617336022946E-02  9.9881655422643589E-01
  5.8892942018877994E+00  7.3370983289892236E-02  9.9875281623234591E-01
  5.9638422297597833E+00  7.5138544245043126E-02  9.9868585678174882E-01
  6.0383902576317672E+00  7.6943198456218637E-02  9.9862329986557841E-01
  6.1129382855037511E+00  7.8798042069656710E-02  9.9855504554536878E-01
  6.1874863133757350E+00  8.0702334886882041E-02  9.9847239548790467E-01
  6.2620343412477188E+00  8.2645930577660107E-02  9.9839311022685451E-01
  6.3365823691197027E+00  8.4647433421012150E-02  9.9831440396544169E-01
  6.4111303969916866E+00  8.6702070552744231E-02  9.9822497170146485E-01
  6.4856784248636705E+00  8.8808230293591570E-02  9.9813388243371548E-01
  6.5602264527356544E+00  9.0964785285064562E-02  9.9803628985865112E-01
  6.6347744806076383E+00  9.3179097408263301E-02  9.9793438635261800E-01
  6.7093225084796222E+00  9.5448487080162014E-02  9.9782679890800785E-01
  6.7838705363516061E+00  9.7779495247533418E-02  9.9771610218702789E-01
  6.8584185642235900E+00  1.0016493109965810E-01  9.9759612280764265E-01
  6.9329665920955739E+00  1.0261410643408446E-01  9.9747187732836728E-01
  7.0075146199675578E+00  1.0512527721826564E-01  9.9734142406309845E-01
  7.0820626478395416E+00  1.0770090347255097E-01  9.9720423022822346E-01
  7.1566106757115255E+00  1.1034273152375387E-01  9.9706103370561427E-01
  7.2311587035835094E+00  1.1305014038983258E-01  9.9690899419427303E-01
  7.3057067314554933E+00  1.1582800190531935E-01  9.9674966601892279E-01
  7.3802547593274772E+00  1.1867607280619558E-01  9.9658254364434740E-01
  7.4548027871994611E+00  1.2160449777758703E-01  9.9640326644690325E-01
  7.5293508150714450E+00  1.2458885779866120E-01  9.9622423692184237E-01
  7.6038988429434289E+00  1.2766492255690248E-01  9.9602834032966825E-01
  7.6784468708154128E+00  1.3081103981766895E-01  9.9582892670579271E-01
  7.7529948986873967E+00  1.3405301325449126E-01  9.9561215980109752E-01
  7.8275429265593806E+00  1.3736604791780666E-01  9.9538231486309847E-01
  7.9020909544313644E+00  1.4076298441699145E-01  9.9514675947315190E-01
  7.9766389823033483E+00  1.4425085696348758E-01  9.9489691882887599E-01
  8.0511870101753615E+00  1.4782632749025573E-01  9.9463604738365285E-01
  8.1257350380473881E+00  1.5149505101059060E-01  9.9436091633551849E-01
  8.2002830659194146E+00  1.5525912958350954E-01  9.9407051331203056E-01
  8.2748310937914411E+00  1.5912106170912443E-01  9.9376522925997945E-01
  8.3493791216634676E+00  1.6308228250203674E-01  9.9344543956453379E-01
  8.4239271495354942E+00  1.6714685870583160E-01  9.9310885487222245E-01
  8.4984751774075207E+00  1.7131801504500574E-01  9.9275291152096889E-01
  8.5730232052795472E+00  1.7559669403921863E-01  9.9237937787401820E-01
  8.6475712331515737E+00  1.7998648786374472E-01  9.9198741588869999E-01
  8.7221192610236002E+00  1.8448304784390290E-01  9.9157885360472475E-01
  8.7966672888956268E+00  1.8911305015955329E-01  9.9113978823421556E-01
  8.8712153167676533E+00  1.9385791166668007E-01  9.9068024881722061E-01
  8.9457633446396798E+00  1.9872262019146417E-01  9.9019628173974816E-01
  9.0203113725117063E+00  2.0371906533681666E-01  9.8969219998573188E-01
  9.0948594003837329E+00  2.0885586024801395E-01  9.8916098181640677E-01
  9.1694074282557594E+00  2.1411606750036918E-01  9.8859835516678451E-01
  9.2439554561277859E+00  2.1952454529400475E-01  9.8800269088837611E-01
  9.3185034839998124E+00  2.2507392868142034E-01  9.8738164300028708E-01
  9.3930515118718390E+00  2.3077444542162506E-01  9.8672337148669420E-01
  9.4675995397438655E+00  2.3662762786723052E-01  9.8603073826256471E-01
  9.5421475676158920E+00  2.4263929083526423E-01  9.8530172172778108E-01
  9.6166955954879185E+00  2.4881685767792960E-01  9.8452836910731278E-01
  9.6912436233599450E+00  2.5515594941615455E-01  9.8372139484948662E-01
  9.7657916512319716E+00  2.6167155213918231E-01  9.8286608264330744E-01
  9.8403396791039981E+00  2.6837093331098821E-01  9.8196207010447800E-01
  9.9148877069760246E+00  2.7524368008830402E-01  9.8101192520355596E-01
  9.9894357348480511E+00  2.8231627958231498E-01  9.8000428074632751E-01
  1.0063983762720078E+01  2.8958377247472478E-01  9.7894503569764679E-01
  1.0138531790592104E+01  2.9705286280022697E-01  9.7782866585615258E-01
  1.0213079818464131E+01  3.0473708913271957E-01  9.7664624876933381E-01
  1.0287627846336157E+01  3.1263988634613693E-01  9.7539312355951602E-01
  1.0362175874208184E+01  3.2076200011546113E-01  9.7407638330717516E-01
  1.0436723902080210E+01  3.2911905226331589E-01  9.7268011102042118E-01
  1.0511271929952237E+01  3.3771539414261120E-01  9.7120575153053834E-01
  1.0585819957824263E+01  3.4656565736330297E-01  9.6964493350753722E-01
  1.0660367985696290E+01  3.5566658888215447E-01  9.6799703384966485E-01
  1.0734916013568316E+01  3.6503599646153290E-01  9.6625069830926991E-01
  1.0809464041440343E+01  3.7468949042499999E-01  9.6439545749104361E-01
  1.0884012069312369E+01  3.8462279367364094E-01  9.6243719931446925E-01
  1.0958560097184396E+01  3.9485653089000211E-01  9.6035855347764587E-01
  1.1033108125056422E+01  4.0539696646397266E-01  9.5815585120164792E-01
  1.1107656152928449E+01  4.1626324227062600E-01  9.5581344397380341E-01
  1.1182204180800476E+01  4.2744258533265705E-01  9.5333901838540713E-01
  1.1256752208672502E+01  4.3897360843880306E-01  9.5070099777017858E-01
  1.1331300236544529E+01  4.5085669754098201E-01  9.4790298081613267E-01
  1.1405848264416555E+01  4.6310734414926596E-01  9.4492543391807482E-01
  1.1480396292288582E+01  4.7573085971101242E-01  9.4176014201700831E-01
  1.1554944320160608E+01  4.8874204584965741E-01  9.3839652625383119E-01
  1.1629492348032635E+01  5.0215515689259604E-01  9.3480389486569093E-01
  1.1704040375904661E+01  5.1597112089278596E-01  9.3098683394383408E-01
  1.1778588403776688E+01  5.3021104877051117E-01  9.2691269203822080E-01
  1.1853136431648714E+01  5.4487591899878152E-01  9.2256495744072331E-01
  1.1927684459520741E+01  5.5996418844608853E-01  9.1792507968898862E-01
  1.2002232487392767E+01  5.7548219223413832E-01  9.1298128903543918E-01
  1.2076780515264794E+01  5.9142670874127712E-01  9.0768281697791486E-01
  1.2151328543136820E+01  6.0778825017181737E-01  9.0202495499089130E-01
  1.2225876571008847E+01  6.2453947682311661E-01  8.9596813425250432E-01
  1.2300424598880873E+01  6.4166554183003333E-01  8.8947334022706237E-01
  1.2374972626752900E+01  6.5911573016233793E-01  8.8253946224400481E-01
  1.2449520654624926E+01  6.7683003965537647E-01  8.7507549165861687E-01
  1.2524068682496953E+01  6.9474364150236978E-01  8.6707243208951734E-01
  1.2598616710368979E+01  7.1273597829684432E-01  8.5847551790528809E-01
  1.2673164738241006E+01  7.3065820274837445E-01  8.4922708877276154E-01
  1.2747712766113033E+01  7.4831287365471433E-01  8.3922131205311701E-01
  1.2822260793985059E+01  7.6547305021216083E-01  8.2841185651841398E-01
  1.2896808821857086E+01  7.8179402812355447E-01  8.1669960247385642E-01
  1.2971356849729112E+01  7.9685945482888121E-01  8.0394154564717157E-01
  1.3045904877601139E+01  8.1007230077765302E-01  7.8995727197817867E-01
  1.3120452905473165E+01  8.2067064269975298E-01  7.7457061484172052E-01
  1.3195000933345192E+01  8.2749394279822686E-01  7.5737098785767187E-01
  1.3269548961217218E+01  8.4308231568601388E-01  7.4515850178386089E-01
  1.3344096989089245E+01  8.3663508725489200E-01  7.2156747780749753E-01
  1.3418645016961271E+01  9.1725745567907457E-01  7.5576777324583944E-01
  1.3493193044833298E+01  1.0187576267481577E+00  8.1165068151527220E-01
  1.3567741072705324E+01  1.1067059580869292E+00  8.6417398177910454E-01
  1.3642289100577351E+01  1.1866536222253177E+00  9.2412817901570043E-01
  1.3716837128449377E+01  1.2424022991875294E+00  9.5833946226653721E-01
  1.3791385156321404E+01  1.2570443606003980E+00  1.0007884135052112E+00
  1.3865933184193430E+01  1.3059499853199328E+00  1.0733724038706398E+00
  1.3940481212065457E+01  1.2903787590519824E+00  1.1074379070955835E+00
  1.4015029239937483E+01  1.3222153886193153E+00  1.1737604156358736E+00
  1.4089577267809510E+01  1.2619150428407784E+00  1.2401111024093505E+00
  1.4164125295681536E+01  1.1572303389028056E+00  1.3145739358245423E+00
  1.4238673323553563E+01  1.1064275849058729E+00  1.4211991452814206E+00
  1.4313221351425589E+01  9.4177044832588264E-01  1.5030419858684920E+00
  1.4387769379297616E+01  7.8592122524256791E-01  1.5661251451212497E+00
  1.4462317407169643E+01  7.7765716430162668E-01  1.5604371527203016E+00
  1.4536865435041669E+01  9.7541494697871123E-01  1.4550812516546623E+00
  1.4611413462913696E+01  1.2346689406144893E+00  1.3909922312262528E+00
  1.4685961490785722E+01  1.3014895047493305E+00  1.3329162047086975E+00
  1.4760509518657749E+01  1.3531669521915051E+00  1.2778885731478113E+00
  1.4835057546529775E+01  1.3773996580702599E+00  1.2443081100886257E+00
  1.4909605574401802E+01  1.3999247779049808E+00  1.2101339700910787E+00
  1.4984153602273828E+01  1.4737909071470154E+00  1.2670569885754757E+00
  1.5058701630145855E+01  1.4490598438334366E+00  1.3054244369406383E+00
  1.5133249658017881E+01  1.3413529909587150E+00  1.3150331321812290E+00
  1.5207797685889908E+01  1.2906281375175275E+00  1.3362888182065296E+00
  1.5282345713761934E+01  1.1307452892492456E+00  1.4107768068588957E+00
  1.5356893741633961E+01  9.7404519355134245E-01  1.4583082916998755E+00
  1.5431441769505987E+01  7.8695122126147166E-01  1.5095449975936079E+00
  1.5505989797378014E+01  7.3893001659118163E-01  1.4857602238181127E+00
  1.5580537825250040E+01  7.6503818948009306E-01  1.3886711562490301E+00
  1.5655085853122067E+01  8.4219808895404735E-01  1.2744260104556253E+00
  1.5729633880994093E+01  8.3541348484814171E-01  1.2068499088440598E+00
  1.5804181908866120E+01  8.6861651665884332E-01  1.1646554348478786E+00
  1.5878729936738146E+01  8.7543454821512046E-01  1.1341686287782788E+00
  1.5953277964610173E+01  8.3889568700661787E-01  1.1158942601848538E+00
  1.6027825992482200E+01  8.1350145300505261E-01  1.0971940746217677E+00
  1.6102374020354226E+01  7.6434808027458623E-01  1.1097258206283811E+00
  1.6176922048226253E+01  7.2232492942758642E-01  1.1427493239001312E+00
  1.6251470076098279E+01  6.4727163830431489E-01  1.1650097500896315E+00
  1.6326018103970306E+01  5.9588723980591496E-01  1.1737639880326418E+00
  1.6400566131842332E+01  5.4127649356460195E-01  1.1826374661611465E+00
  1.6475114159714359E+01  5.2692741387515529E-01  1.1913144910412508E+00
  1.6549662187586385E+01  5.3862091293602143E-01  1.1679401863260586E+00
  1.6624210215458412E+01  5.7335517322414098E-01  1.1317878813358919E+00
  1.6698758243330438E+01  6.0968753240111861E-01  1.1118724492480150E+00
  1.6773306271202465E+01  6.2758962779766914E-01  1.0992487900463148E+00
  1.6847854299074491E+01  6.1672749222946710E-01  1.0876843338538904E+00
  1.6922402326946518E+01  6.2124351673688705E-01  1.0824883013140312E+00
  1.6996950354818544E+01  6.0354905448781537E-01  1.0763446521328686E+00
  1.7071498382690571E+01  5.7853872275341489E-01  1.0898090534070222E+00
  1.7146046410562597E+01  5.3943602116714739E-01  1.1108135118843001E+00
  1.7220594438434624E+01  4.9854229791393423E-01  1.1313201012806973E+00
  1.7295142466306650E+01  4.7450374106040372E-01  1.1418736390491329E+00
  1.7369690494178677E+01  4.5212598009038407E-01  1.1523345596361194E+00
  1.7444238522050703E+01  4.7908707026869191E-01  1.1229979722539658E+00
  1.7518786549922730E+01  4.8802300868779785E-01  1.1173270195433727E+00
  1.7593334577794757E+01  4.9825181892017090E-01  1.1116504222029475E+00
  1.7667882605666783E+01  5.0700375295161926E-01  1.1056021840929919E+00
  1.7742430633538810E+01  5.3530699151646410E-01  1.0891770827363929E+00
  1.7816978661410836E+01  5.4759589196598424E-01  1.0811798063101938E+00
  1.7891526689282863E+01  5.4773070741194685E-01  1.0815556497296013E+00
  1.7966074717154889E+01  5.1774454232150180E-01  1.0998695606787365E+00
  1.8040622745026916E+01  5.2331662593212280E-01  1.0980596404128482E+00
  1.8115170772898942E+01  5.0673560848951837E-01  1.0960325944332534E+00
  1.8189718801553084E+01  4.9376175318637683E-01  1.1041116889675657E+00
  1.8189718801553099E+01  4.9376175318637683E-01  1.1041116889675657E+00
