# time  amplitude  mean_radius
  0.0000000000000000E+00  0.0000000000000000E+00  1.0000000000000000E+00
  1.2299797070400000E-01  0.0000000000000000E+00  1.0000000000000000E+00
  2.4599594140799999E-01  0.0000000000000000E+00  1.0000000000000000E+00
  3.6899391211200072E-01  0.0000000000000000E+00  1.0000000000000000E+00
  4.9199188281600148E-01  0.0000000000000000E+00  1.0000000000000000E+00
  6.1498985352000080E-01  0.0000000000000000E+00  1.0000000000000000E+00
  7.3798782422400000E-01  0.0000000000000000E+00  1.0000000000000000E+00
  8.6098579492799920E-01  0.0000000000000000E+00  1.0000000000000000E+00
  9.8398376563199841E-01  0.0000000000000000E+00  1.0000000000000000E+00
  1.1069817363360004E+00  0.0000000000000000E+00  1.0000000000000000E+00
  1.2299797070400027E+00  0.0000000000000000E+00  1.0000000000000000E+00
  1.3529776777440050E+00  0.0000000000000000E+00  1.0000000000000000E+00
  1.4759756484480073E+00  0.0000000000000000E+00  1.0000000000000000E+00
  1.5989736191520096E+00  0.0000000000000000E+00  1.0000000000000000E+00
  1.7219715898560120E+00  0.0000000000000000E+00  1.0000000000000000E+00
  1.8449695605600143E+00  0.0000000000000000E+00  1.0000000000000000E+00
  1.9679675312640166E+00  0.0000000000000000E+00  1.0000000000000000E+00
  2.0909655019680189E+00  0.0000000000000000E+00  1.0000000000000000E+00
  2.2139634726720212E+00  0.0000000000000000E+00  1.0000000000000000E+00
  2.3369614433760235E+00  0.0000000000000000E+00  1.0000000000000000E+00
  2.4599594140800258E+00  0.0000000000000000E+00  1.0000000000000000E+00
  2.5829573847840281E+00  0.0000000000000000E+00  1.0000000000000000E+00
  2.7059553554880305E+00  0.0000000000000000E+00  1.0000000000000000E+00
  2.8289533261920328E+00  0.0000000000000000E+00  1.0000000000000000E+00
  2.9519512968960351E+00  0.0000000000000000E+00  1.0000000000000000E+00
  3.0749492676000374E+00  0.0000000000000000E+00  1.0000000000000000E+00
  3.1979472383040397E+00  0.0000000000000000E+00  1.0000000000000000E+00
  3.3209452090080420E+00  0.0000000000000000E+00  1.0000000000000000E+00
  3.4439431797120443E+00  0.0000000000000000E+00  1.0000000000000000E+00
  3.5669411504160466E+00  0.0000000000000000E+00  1.0000000000000000E+00
  3.6899391211200490E+00  0.0000000000000000E+00  1.0000000000000000E+00
  3.8129370918240513E+00  0.0000000000000000E+00  1.0000000000000000E+00
  3.9359350625280536E+00  0.0000000000000000E+00  1.0000000000000000E+00
  4.0589330332320559E+00  0.0000000000000000E+00  1.0000000000000000E+00
  4.1819310039360582E+00  0.0000000000000000E+00  1.0000000000000000E+00
  4.3049289746400605E+00  0.0000000000000000E+00  1.0000000000000000E+00
  4.4279269453440628E+00  0.0000000000000000E+00  1.0000000000000000E+00
  4.5509249160480651E+00  0.0000000000000000E+00  1.0000000000000000E+00
  4.6739228867520675E+00  0.0000000000000000E+00  1.0000000000000000E+00
  4.7969208574560698E+00  0.0000000000000000E+00  1.0000000000000000E+00
  4.9199188281600721E+00  0.0000000000000000E+00  1.0000000000000000E+00
  5.0429167988640744E+00  0.0000000000000000E+00  1.0000000000000000E+00
  5.1659147695680767E+00  0.0000000000000000E+00  1.0000000000000000E+00
  5.2889127402720790E+00  0.0000000000000000E+00  1.0000000000000000E+00
  5.4119107109760813E+00  0.0000000000000000E+00  1.0000000000000000E+00
  5.5349086816800837E+00  0.0000000000000000E+00  1.0000000000000000E+00
  5.6579066523840860E+00  0.0000000000000000E+00  1.0000000000000000E+00
  5.7809046230880883E+00  0.0000000000000000E+00  1.0000000000000000E+00
  5.9039025937920906E+00  0.0000000000000000E+00  1.0000000000000000E+00
  6.0269005644960929E+00  0.0000000000000000E+00  1.0000000000000000E+00
  6.1498985352000952E+00  0.0000000000000000E+00  1.0000000000000000E+00
  6.2728965059040975E+00  0.0000000000000000E+00  1.0000000000000000E+00
  6.3958944766080998E+00  0.0000000000000000E+00  1.0000000000000000E+00
  6.5188924473121022E+00  0.0000000000000000E+00  1.0000000000000000E+00
  6.6418904180161045E+00  0.0000000000000000E+00  1.0000000000000000E+00
  6.7648883887201068E+00  0.0000000000000000E+00  1.0000000000000000E+00
  6.8878863594241091E+00  0.0000000000000000E+00  1.0000000000000000E+00
  7.0108843301281114E+00  0.0000000000000000E+00  1.0000000000000000E+00
  7.1338823008321137E+00  0.0000000000000000E+00  1.0000000000000000E+00
  7.2568802715361160E+00  0.0000000000000000E+00  1.0000000000000000E+00
  7.3798782422401183E+00  0.0000000000000000E+00  1.0000000000000000E+00
  7.5028762129441207E+00  0.0000000000000000E+00  1.0000000000000000E+00
  7.6258741836481230E+00  0.0000000000000000E+00  1.0000000000000000E+00
  7.7488721543521253E+00  0.0000000000000000E+00  1.0000000000000000E+00
  7.8718701250561276E+00  0.0000000000000000E+00  1.0000000000000000E+00
  7.9948680957601299E+00  0.0000000000000000E+00  1.0000000000000000E+00
  8.1178660664641082E+00  0.0000000000000000E+00  1.0000000000000000E+00
  8.2408640371680857E+00  0.0000000000000000E+00  1.0000000000000000E+00
  8.3638620078720631E+00  0.0000000000000000E+00  1.0000000000000000E+00
  8.4868599785760406E+00  0.0000000000000000E+00  1.0000000000000000E+00
  8.6098579492800180E+00  0.0000000000000000E+00  1.0000000000000000E+00
  8.7328559199839955E+00  0.0000000000000000E+00  1.0000000000000000E+00
  8.8558538906879729E+00  0.0000000000000000E+00  1.0000000000000000E+00
  8.9788518613919504E+00  0.0000000000000000E+00  1.0000000000000000E+00
  9.1018498320959278E+00  0.0000000000000000E+00  1.0000000000000000E+00
  9.2248478027999052E+00  0.0000000000000000E+00  1.0000000000000000E+00
  9.3478457735038827E+00  0.0000000000000000E+00  1.0000000000000000E+00
  9.4708437442078601E+00  0.0000000000000000E+00  1.0000000000000000E+00
  9.5938417149118376E+00  0.0000000000000000E+00  1.0000000000000000E+00
  9.7168396856158150E+00  0.0000000000000000E+00  1.0000000000000000E+00
  9.8398376563197925E+00  0.0000000000000000E+00  1.0000000000000000E+00
  9.9628356270237699E+00  0.0000000000000000E+00  1.0000000000000000E+00
  1.0085833597727747E+01  0.0000000000000000E+00  1.0000000000000000E+00
  1.0208831568431725E+01  0.0000000000000000E+00  1.0000000000000000E+00
  1.0331829539135702E+01  0.0000000000000000E+00  1.0000000000000000E+00
  1.0454827509839680E+01  0.0000000000000000E+00  1.0000000000000000E+00
  1.0577825480543657E+01  0.0000000000000000E+00  1.0000000000000000E+00
  1.0700823451247635E+01  0.0000000000000000E+00  1.0000000000000000E+00
  1.0823821421951612E+01  0.0000000000000000E+00  1.0000000000000000E+00
  1.0946819392655589E+01  0.0000000000000000E+00  1.0000000000000000E+00
  1.1069817363359567E+01  0.0000000000000000E+00  1.0000000000000000E+00
  1.1192815334063544E+01  0.0000000000000000E+00  1.0000000000000000E+00
  1.1315813304767522E+01  0.0000000000000000E+00  1.0000000000000000E+00
  1.1438811275471499E+01  0.0000000000000000E+00  1.0000000000000000E+00
  1.1561809246175477E+01  0.0000000000000000E+00  1.0000000000000000E+00
  1.1684807216879454E+01  0.0000000000000000E+00  1.0000000000000000E+00
  1.1807805187583432E+01  0.0000000000000000E+00  1.0000000000000000E+00
  1.1930803158287409E+01  0.0000000000000000E+00  1.0000000000000000E+00
  1.2053801128991386E+01  0.0000000000000000E+00  1.0000000000000000E+00
  1.2176799099695364E+01  0.0000000000000000E+00  1.0000000000000000E+00
  1.2299797070399341E+01  0.0000000000000000E+00  1.0000000000000000E+00
  1.2422795041103319E+01  0.0000000000000000E+00  1.0000000000000000E+00
  1.2545793011807296E+01  0.0000000000000000E+00  1.0000000000000000E+00
  1.2668790982511274E+01  0.0000000000000000E+00  1.0000000000000000E+00
  1.2791788953215251E+01  0.0000000000000000E+00  1.0000000000000000E+00
  1.2914786923919229E+01  0.0000000000000000E+00  1.0000000000000000E+00
  1.3037784894623206E+01  0.0000000000000000E+00  1.0000000000000000E+00
  1.3160782865327183E+01  0.0000000000000000E+00  1.0000000000000000E+00
  1.3283780836031161E+01  0.0000000000000000E+00  1.0000000000000000E+00
  1.3406778806735138E+01  0.0000000000000000E+00  1.0000000000000000E+00
  1.3529776777439116E+01  0.0000000000000000E+00  1.0000000000000000E+00
  1.3652774748143093E+01  0.0000000000000000E+00  1.0000000000000000E+00
  1.3775772718847071E+01  0.0000000000000000E+00  1.0000000000000000E+00
  1.3898770689551048E+01  0.0000000000000000E+00  1.0000000000000000E+00
  1.4021768660255026E+01  0.0000000000000000E+00  1.0000000000000000E+00
  1.4144766630959003E+01  0.0000000000000000E+00  1.0000000000000000E+00
  1.4267764601662980E+01  0.0000000000000000E+00  1.0000000000000000E+00
  1.4390762572366958E+01  0.0000000000000000E+00  1.0000000000000000E+00
  1.4513760543070935E+01  0.0000000000000000E+00  1.0000000000000000E+00
  1.4636758513774913E+01  0.0000000000000000E+00  1.0000000000000000E+00
  1.4759756484478890E+01  0.0000000000000000E+00  1.0000000000000000E+00
  1.4882754455182868E+01  0.0000000000000000E+00  1.0000000000000000E+00
  1.5005752425886845E+01  0.0000000000000000E+00  1.0000000000000000E+00
  1.5128750404392784E+01  0.0000000000000000E+00  1.0000000000000000E+00
  1.5128750404392800E+01  0.0000000000000000E+00  1.0000000000000000E+00
