# time  amplitude  mean_radius
  0.0000000000000000E+00  1.9989588331740370E-02  1.0000000001899669E+00
  1.2299797070400000E-01  2.0006754317317837E-02  9.9999979798317185E-01
  2.4599594140799999E-01  2.0059468227755506E-02  9.9999917454204257E-01
  3.6899391211200072E-01  2.0147696123625665E-02  9.9999812857474391E-01
  4.9199188281600148E-01  2.0271470040973068E-02  9.9999665777710023E-01
  6.1498985352000080E-01  2.0430886704062439E-02  9.9999475853482112E-01
  7.3798782422400000E-01  2.0626107076791873E-02  9.9999242568197388E-01
  8.6098579492799920E-01  2.0857356202767817E-02  9.9998965231966586E-01
  9.8398376563199841E-01  2.1124923174193636E-02  9.9998642960272199E-01
  1.1069817363360004E+00  2.1429161313030555E-02  9.9998274655029307E-01
  1.2299797070400027E+00  2.1770488471134532E-02  9.9997858977780085E-01
  1.3529776777440050E+00  2.2149387462724827E-02  9.9997394327716527E-01
  1.4759756484480073E+00  2.2566406598584273E-02  9.9996878798592115E-01
  1.5989736191520096E+00  2.3022160425421372E-02  9.9996310180249059E-01
  1.7219715898560120E+00  2.3517330536741085E-02  9.9995685911163479E-01
  1.8449695605600143E+00  2.4052666387531778E-02  9.9995003091917001E-01
  1.9679675312640166E+00  2.4630588424284696E-02  9.9996094501927835E-01
  2.0909655019680189E+00  2.5248841524012813E-02  9.9995350586682141E-01
  2.2139634726720212E+00  2.5909931181750511E-02  9.9994537578126164E-01
  2.3369614433760235E+00  2.6614890509413510E-02  9.9993650365206888E-01
  2.4599594140800258E+00  2.7364827265934991E-02  9.9992683272928273E-01
  2.5829573847840281E+00  2.8160925662153464E-02  9.9991630028903389E-01
  2.7059553554880305E+00  2.9004448283591326E-02  9.9990483717085765E-01
  2.8289533261920328E+00  2.9896738184169998E-02  9.9989236730195907E-01
  2.9519512968960351E+00  3.0839221152075887E-02  9.9987880712900024E-01
  3.0749492676000374E+00  3.1833408144423946E-02  9.9986406485163393E-01
  3.1979472383040397E+00  3.2880897909821245E-02  9.9984804022199247E-01
  3.3209452090080420E+00  3.3983379800510152E-02  9.9983062395436106E-01
  3.4439431797120443E+00  3.5142636810457373E-02  9.9981169666987979E-01
  3.5669411504160466E+00  3.6361925735829539E-02  9.9977535098159065E-01
  3.6899391211200490E+00  3.7640560091644591E-02  9.9975209246053920E-01
  3.8129370918240513E+00  3.8981932026509465E-02  9.9972680674712699E-01
  3.9359350625280536E+00  4.0388234841807057E-02  9.9969932636511538E-01
  4.0589330332320559E+00  4.1861774154481918E-02  9.9966947033328801E-01
  4.1819310039360582E+00  4.3404972395197056E-02  9.9963704277313603E-01
  4.3049289746400605E+00  4.5020373590911780E-02  9.9960183092067978E-01
  4.4279269453440628E+00  4.6710648413603090E-02  9.9956360289224877E-01
  4.5509249160480651E+00  4.8478599689035742E-02  9.9952210545430809E-01
  4.6739228867520675E+00  5.0327168270428629E-02  9.9947706193160690E-01
  4.7969208574560698E+00  5.2259439178486272E-02  9.9942817012193963E-01
  4.9199188281600721E+00  5.4278648188326534E-02  9.9937510004594421E-01
  5.0429167988640744E+00  5.6388188733860964E-02  9.9931749139144777E-01
  5.1659147695680767E+00  5.8591616519821366E-02  9.9925495143160958E-01
  5.2889127402720790E+00  6.0892638029913723E-02  9.9918704911219203E-01
  5.4119107109760813E+00  6.3295344121053962E-02  9.9911331174834239E-01
  5.5349086816800837E+00  6.5804416064628946E-02  9.9903321565866854E-01
  5.6579066523840860E+00  6.8423542780289309E-02  9.9894623123206372E-01
  5.7809046230880883E+00  7.1156466712371094E-02  9.9885179076991015E-01
  5.9039025937920906E+00  7.4007902505335232E-02  9.9874925011415150E-01
  6.0269005644960929E+00  7.6982219501220958E-02  9.9863793944289325E-01
  6.1498985352000952E+00  8.0084375983604073E-02  9.9851711008260124E-01
  6.2728965059040975E+00  8.3319096519741398E-02  9.9838592918347202E-01
  6.3958944766080998E+00  8.6691641316979318E-02  9.9824358114697831E-01
  6.5188924473121022E+00  9.0207327110873120E-02  9.9808911030741088E-01
  6.6418904180161045E+00  9.3871845157963735E-02  9.9792150166016802E-01
  6.7648883887201068E+00  9.7690537084482443E-02  9.9773968773741117E-01
  6.8878863594241091E+00  1.0166997456768417E-01  9.9754250432654523E-01
  7.0108843301281114E+00  1.0581605983853423E-01  9.9732864427387391E-01
  7.1338823008321137E+00  1.1013626963947314E-01  9.9709675088975358E-01
  7.2568802715361160E+00  1.1463852368150788E-01  9.9684521685014160E-01
  7.3798782422401183E+00  1.1932930331534461E-01  9.9657256470417899E-01
  7.5028762129441207E+00  1.2420646266997777E-01  9.9628212618294532E-01
  7.6258741836481230E+00  1.2933026698274941E-01  9.9596520395354282E-01
  7.7488721543521253E+00  1.3464609334695171E-01  9.9559380660606323E-01
  7.8718701250561276E+00  1.4016856618026396E-01  9.9523669852764962E-01
  7.9948680957601299E+00  1.4592343619966316E-01  9.9481780013913379E-01
  8.1178660664641082E+00  1.5193644720671537E-01  9.9436748229880423E-01
  8.2408640371680857E+00  1.5820332648452459E-01  9.9388297927008074E-01
  8.3638620078720631E+00  1.6474208792963521E-01  9.9335567007761605E-01
  8.4868599785760406E+00  1.7155505985543398E-01  9.9278451466535578E-01
  8.6098579492800180E+00  1.7866966877813445E-01  9.9215988541846578E-01
  8.7328559199839955E+00  1.8608258800006683E-01  9.9148511548941953E-01
  8.8558538906879729E+00  1.9383109791386560E-01  9.9074331980515984E-01
  8.9788518613919504E+00  2.0190782300001417E-01  9.8994254395284487E-01
  9.1018498320959278E+00  2.1034477287417103E-01  9.8906394526574182E-01
  9.2248478027999052E+00  2.1915620729107510E-01  9.8810803848654238E-01
  9.3478457735038827E+00  2.2833672497530491E-01  9.8707959159211556E-01
  9.4708437442078601E+00  2.3792835528972628E-01  9.8595281568200432E-01
  9.5938417149118376E+00  2.4794759204716094E-01  9.8471620516222813E-01
  9.7168396856158150E+00  2.5839174248072022E-01  9.8339091781557875E-01
  9.8398376563197925E+00  2.6932496963102709E-01  9.8193303004813304E-01
  9.9628356270237699E+00  2.8073623354924104E-01  9.8033251105486008E-01
  1.0085833597727747E+01  2.9268234856029646E-01  9.7859065321657490E-01
  1.0208831568431725E+01  3.0517574131981440E-01  9.7668437326876345E-01
  1.0331829539135702E+01  3.1825042821946459E-01  9.7461399111858371E-01
  1.0454827509839680E+01  3.3197167885763090E-01  9.7232381458318884E-01
  1.0577825480543657E+01  3.4633673013025357E-01  9.6982145983987578E-01
  1.0700823451247635E+01  3.6140536834780490E-01  9.6705810408098947E-01
  1.0823821421951612E+01  3.7715055712356327E-01  9.6406765539188066E-01
  1.0946819392655589E+01  3.9369049755252833E-01  9.6075492955702024E-01
  1.1069817363359567E+01  4.1103169088233993E-01  9.5710713631425293E-01
  1.1192815334063544E+01  4.2925555813598387E-01  9.5307458616608765E-01
  1.1315813304767522E+01  4.4841861015141571E-01  9.4865880648333900E-01
  1.1438811275471499E+01  4.6856301398581324E-01  9.4376782570679163E-01
  1.1561809246175477E+01  4.8973279997663127E-01  9.3833352918380009E-01
  1.1684807216879454E+01  5.1195010168196997E-01  9.3232136799219412E-01
  1.1807805187583432E+01  5.3528179066674086E-01  9.2563278074457989E-01
  1.1930803158287409E+01  5.5977758099589470E-01  9.1821552183989807E-01
  1.2053801128991386E+01  5.8543764430448852E-01  9.0993745325051689E-01
  1.2176799099695364E+01  6.1229939520965238E-01  9.0069987547334840E-01
  1.2299797070399341E+01  6.4018713965314833E-01  8.9037992379329145E-01
  1.2422795041103319E+01  6.6894245642999506E-01  8.7881164221304298E-01
  1.2545793011807296E+01  6.9837080923454620E-01  8.6594380861950881E-01
  1.2668790982511274E+01  7.2807020458914973E-01  8.5138289434264103E-01
  1.2791788953215251E+01  7.5727841354643821E-01  8.3490661793598220E-01
  1.2914786923919229E+01  7.8483457325455097E-01  8.1622143183308060E-01
  1.3037784894623206E+01  8.0900052267740730E-01  7.9512492531383272E-01
  1.3160782865327183E+01  8.2776537394033323E-01  7.7080031348448996E-01
  1.3283780836031161E+01  8.3468143790837657E-01  7.3857168953650332E-01
  1.3406778806735138E+01  8.9105743003718541E-01  7.3726876539084429E-01
  1.3529776777439116E+01  9.2425107790166117E-01  7.3837925974908825E-01
  1.3652774748143093E+01  9.8107724935627005E-01  7.5645158374412191E-01
  1.3775772718847071E+01  1.1433669965291120E+00  8.2522300346612421E-01
  1.3898770689551048E+01  1.0733786511291634E+00  7.7484168294627864E-01
  1.4021768660255026E+01  1.0704091337705672E+00  7.8170343982241408E-01
  1.4144766630959003E+01  1.3446940971497385E+00  9.8676553974064007E-01
  1.4267764601662980E+01  1.3404338323523857E+00  1.2241436450091092E+00
  1.4390762572366958E+01  1.2214597840041537E+00  1.3050108747233413E+00
  1.4513760543070935E+01  1.0178757899156721E+00  1.5225687646274102E+00
  1.4636758513774913E+01  7.5375145644799690E-01  1.6226656476652510E+00
  1.4759756484478890E+01  9.7102091837522331E-01  1.6209848015977770E+00
  1.4882754455182868E+01  1.2609445533455999E+00  1.4674400378392027E+00
  1.5005752425886845E+01  1.3825199068802081E+00  1.3904874385812318E+00
  1.5128750404392784E+01  1.4650847181027808E+00  1.3146758942538423E+00
  1.5128750404392800E+01  1.4650847181027808E+00  1.3146758942538423E+00
